  146 base-pairs
...     1 A-T ...
   22.1666   138.3645    19.4060  # origin
    0.8094    -0.5390    -0.2334  # x-axis
    0.1642    -0.1738     0.9710  # y-axis
   -0.5639    -0.8242    -0.0521  # z-axis
...     2 T-A ...
   19.7852   136.3331    18.5373  # origin
    0.7717    -0.5465     0.3254  # x-axis
   -0.3207     0.1074     0.9411  # y-axis
   -0.5492    -0.8305    -0.0924  # z-axis
...     3 C-G ...
   18.4681   133.0477    18.8262  # origin
    0.4585    -0.2891     0.8404  # x-axis
   -0.7372     0.4043     0.5413  # y-axis
   -0.4963    -0.8677    -0.0277  # z-axis
...     4 A-T ...
   16.7463   130.1687    18.7765  # origin
    0.0623     0.0508     0.9968  # x-axis
   -0.8960     0.4427     0.0334  # y-axis
   -0.4396    -0.8952     0.0731  # z-axis
...     5 A-T ...
   15.0555   127.3319    18.4452  # origin
   -0.4398     0.3567     0.8242  # x-axis
   -0.7251     0.4004    -0.5602  # y-axis
   -0.5298    -0.8441     0.0825  # z-axis
...     6 T-A ...
   13.3616   124.6591    19.5275  # origin
   -0.7927     0.4746     0.3827  # x-axis
   -0.3810     0.1044    -0.9186  # y-axis
   -0.4759    -0.8740     0.0980  # z-axis
...     7 A-T ...
   11.8739   121.7036    19.9682  # origin
   -0.8811     0.3522    -0.3156  # x-axis
    0.2689    -0.1757    -0.9470  # y-axis
   -0.3890    -0.9193     0.0601  # z-axis
...     8 T-A ...
   10.0456   118.8835    20.7506  # origin
   -0.6151     0.1487    -0.7743  # x-axis
    0.7065    -0.3321    -0.6250  # y-axis
   -0.3501    -0.9315     0.0992  # z-axis
...     9 C-G ...
    8.5287   116.0065    21.0375  # origin
   -0.0191    -0.1351    -0.9906  # x-axis
    0.9245    -0.3797     0.0339  # y-axis
   -0.3807    -0.9152     0.1322  # z-axis
...    10 C-G ...
    7.2266   113.0634    21.4262  # origin
    0.4615    -0.1821    -0.8682  # x-axis
    0.8101    -0.3124     0.4961  # y-axis
   -0.3616    -0.9323     0.0034  # z-axis
...    11 A-T ...
    6.0963   110.0082    21.9694  # origin
    0.8853    -0.2200    -0.4096  # x-axis
    0.3955    -0.1069     0.9122  # y-axis
   -0.2445    -0.9696    -0.0076  # z-axis
...    12 C-G ...
    5.7643   106.6400    21.0528  # origin
    0.9823    -0.1724     0.0734  # x-axis
   -0.0771    -0.0152     0.9969  # y-axis
   -0.1708    -0.9849    -0.0283  # z-axis
...    13 C-G ...
    6.0087   103.2374    20.6132  # origin
    0.7790    -0.0101     0.6269  # x-axis
   -0.6267     0.0187     0.7790  # y-axis
   -0.0196    -0.9998     0.0082  # z-axis
...    14 T-A ...
    5.5495    99.7298    20.5242  # origin
    0.3581     0.1610     0.9197  # x-axis
   -0.9289    -0.0382     0.3684  # y-axis
    0.0944    -0.9862     0.1359  # z-axis
...    15 G-C ...
    4.4381    96.4342    21.0069  # origin
   -0.3731    -0.0086     0.9278  # x-axis
   -0.9233    -0.0943    -0.3722  # y-axis
    0.0907    -0.9955     0.0272  # z-axis
...    16 C-G ...
    4.6077    93.4296    20.9324  # origin
   -0.7734     0.0090     0.6338  # x-axis
   -0.6257    -0.1709    -0.7611  # y-axis
    0.1014    -0.9853     0.1378  # z-axis
...    17 A-T ...
    4.4714    89.9522    18.8764  # origin
   -0.9555    -0.2739    -0.1093  # x-axis
    0.1148    -0.0041    -0.9934  # y-axis
    0.2716    -0.9618     0.0353  # z-axis
...    18 G-C ...
    4.7662    86.3652    18.8806  # origin
   -0.7361    -0.2725    -0.6197  # x-axis
    0.6067     0.1403    -0.7824  # y-axis
    0.3001    -0.9519     0.0620  # z-axis
...    19 A-T ...
    5.2325    82.7876    18.8623  # origin
   -0.1207    -0.1888    -0.9746  # x-axis
    0.9464     0.2745    -0.1704  # y-axis
    0.2997    -0.9429     0.1455  # z-axis
...    20 T-A ...
    5.6895    79.6376    19.0835  # origin
    0.4266    -0.0745    -0.9014  # x-axis
    0.8753     0.2848     0.3908  # y-axis
    0.2276    -0.9557     0.1867  # z-axis
...    21 A-T ...
    5.9875    76.1355    19.1304  # origin
    0.7316     0.2538    -0.6327  # x-axis
    0.5695     0.2826     0.7719  # y-axis
    0.3747    -0.9251     0.0622  # z-axis
...    22 C-G ...
    6.4009    72.9226    19.2623  # origin
    0.8091     0.5622    -0.1715  # x-axis
    0.1261     0.1190     0.9849  # y-axis
    0.5740    -0.8184     0.0254  # z-axis
...    23 T-A ...
    8.6025    70.0786    18.9703  # origin
    0.7451     0.5067     0.4337  # x-axis
   -0.3971    -0.1854     0.8988  # y-axis
    0.5358    -0.8420     0.0631  # z-axis
...    24 A-T ...
   11.1777    68.0388    18.5821  # origin
    0.2690     0.5643     0.7805  # x-axis
   -0.6272    -0.5123     0.5866  # y-axis
    0.7309    -0.6473     0.2161  # z-axis
...    25 C-G ...
   13.6727    66.2702    19.0743  # origin
   -0.0901     0.2466     0.9649  # x-axis
   -0.6726    -0.7296     0.1237  # y-axis
    0.7345    -0.6379     0.2316  # z-axis
...    26 C-G ...
   16.1049    64.1281    20.1868  # origin
   -0.4880    -0.0869     0.8685  # x-axis
   -0.4296    -0.8423    -0.3256  # y-axis
    0.7598    -0.5320     0.3737  # z-axis
...    27 A-T ...
   17.7527    60.6323    19.7583  # origin
   -0.5539    -0.7038     0.4448  # x-axis
   -0.0546    -0.5025    -0.8629  # y-axis
    0.8308    -0.5022     0.2399  # z-axis
...    28 A-T ...
   20.8314    58.9239    20.2589  # origin
   -0.4612    -0.8741    -0.1525  # x-axis
    0.2419     0.0415    -0.9694  # y-axis
    0.8537    -0.4840     0.1923  # z-axis
...    29 A-T ...
   23.7088    57.0468    21.3537  # origin
   -0.0700    -0.7017    -0.7090  # x-axis
    0.5187     0.5815    -0.6268  # y-axis
    0.8521    -0.4116     0.3232  # z-axis
...    30 A-T ...
   26.3816    55.3201    22.1231  # origin
    0.1852    -0.2543    -0.9492  # x-axis
    0.4843     0.8641    -0.1370  # y-axis
    0.8551    -0.4343     0.2832  # z-axis
...    31 G-C ...
   29.5677    53.5394    23.2375  # origin
    0.3158     0.3333    -0.8883  # x-axis
    0.3261     0.8411     0.4316  # y-axis
    0.8910    -0.4260     0.1569  # z-axis
...    32 T-A ...
   31.9165    52.0238    23.3881  # origin
    0.3352     0.7620    -0.5540  # x-axis
    0.1078     0.5532     0.8261  # y-axis
    0.9360    -0.3366     0.1033  # z-axis
...    33 G-C ...
   35.1310    51.3519    23.4756  # origin
    0.1948     0.9763    -0.0938  # x-axis
   -0.2647     0.1444     0.9535  # y-axis
    0.9445    -0.1609     0.2865  # z-axis
...    34 T-A ...
   38.5665    50.5391    23.3161  # origin
   -0.0219     0.9182     0.3954  # x-axis
   -0.1663    -0.3934     0.9042  # y-axis
    0.9858    -0.0460     0.1613  # z-axis
...    35 A-T ...
   42.1188    51.1885    24.0094  # origin
   -0.1851     0.5107     0.8396  # x-axis
   -0.0442    -0.8578     0.5121  # y-axis
    0.9817     0.0577     0.1813  # z-axis
...    36 T-A ...
   44.9891    51.8086    24.4564  # origin
   -0.2391    -0.0591     0.9692  # x-axis
    0.0368    -0.9980    -0.0518  # y-axis
    0.9703     0.0233     0.2408  # z-axis
...    37 T-A ...
   48.5149    52.2314    25.3894  # origin
   -0.1021    -0.6863     0.7201  # x-axis
    0.1901    -0.7240    -0.6630  # y-axis
    0.9764     0.0692     0.2044  # z-axis
...    38 T-A ...
   51.4392    52.6965    26.0460  # origin
    0.0114    -0.9485     0.3167  # x-axis
    0.2080    -0.3075    -0.9285  # y-axis
    0.9781     0.0764     0.1937  # z-axis
...    39 G-C ...
   54.8496    54.1900    24.1609  # origin
    0.4271    -0.7803    -0.4567  # x-axis
   -0.0387     0.4889    -0.8715  # y-axis
    0.9034     0.3900     0.1786  # z-axis
...    40 G-C ...
   58.2953    55.3205    23.4279  # origin
    0.2550    -0.4890    -0.8342  # x-axis
   -0.1782     0.8242    -0.5376  # y-axis
    0.9504     0.2857     0.1230  # z-axis
...    41 A-T ...
   60.7940    57.4511    24.7705  # origin
    0.0752     0.1193    -0.9900  # x-axis
   -0.3755     0.9231     0.0827  # y-axis
    0.9237     0.3656     0.1143  # z-axis
...    42 A-T ...
   64.0106    58.5884    24.9923  # origin
   -0.2216     0.5866    -0.7789  # x-axis
   -0.3451     0.6999     0.6253  # y-axis
    0.9120     0.4073     0.0473  # z-axis
...    43 A-T ...
   66.5129    60.3078    24.9386  # origin
   -0.4992     0.8100    -0.3078  # x-axis
   -0.1074     0.2947     0.9495  # y-axis
    0.8598     0.5071    -0.0601  # z-axis
...    44 C-G ...
   69.0153    62.3120    24.0750  # origin
   -0.5903     0.7780     0.2150  # x-axis
    0.2488    -0.0780     0.9654  # y-axis
    0.7679     0.6234    -0.1475  # z-axis
...    45 T-A ...
   70.5646    65.5876    24.3926  # origin
   -0.5529     0.4177     0.7210  # x-axis
    0.6063    -0.3919     0.6920  # y-axis
    0.5715     0.8198    -0.0365  # z-axis
...    46 G-C ...
   73.6810    67.3296    23.2585  # origin
   -0.1209     0.0269     0.9923  # x-axis
    0.7697    -0.6287     0.1108  # y-axis
    0.6268     0.7772     0.0553  # z-axis
...    47 C-G ...
   76.6204    69.2920    23.7078  # origin
    0.4573    -0.3665     0.8103  # x-axis
    0.6551    -0.4774    -0.5856  # y-axis
    0.6014     0.7986     0.0218  # z-axis
...    48 T-A ...
   78.0665    72.2897    22.5186  # origin
    0.7758    -0.5313     0.3404  # x-axis
    0.2257    -0.2701    -0.9360  # y-axis
    0.5892     0.8030    -0.0896  # z-axis
...    49 C-G ...
   80.9333    74.0417    21.3945  # origin
    0.7545    -0.5237    -0.3956  # x-axis
   -0.3140     0.2413    -0.9183  # y-axis
    0.5764     0.8170     0.0176  # z-axis
...    50 C-G ...
   81.7675    77.5696    21.8151  # origin
    0.4528    -0.2912    -0.8427  # x-axis
   -0.7411     0.4026    -0.5373  # y-axis
    0.4957     0.8678    -0.0335  # z-axis
...    51 A-T ...
   83.4110    80.7366    21.7639  # origin
   -0.1091    -0.0523    -0.9927  # x-axis
   -0.8500     0.5227     0.0659  # y-axis
    0.5154     0.8509    -0.1015  # z-axis
...    52 T-A ...
   84.9836    82.9521    20.5053  # origin
   -0.5182     0.1060    -0.8487  # x-axis
   -0.6784     0.5532     0.4834  # y-axis
    0.5207     0.8263    -0.2148  # z-axis
...    53 C-G ...
   86.8117    85.5703    19.7732  # origin
   -0.8811     0.2486    -0.4022  # x-axis
   -0.2916     0.3838     0.8762  # y-axis
    0.3722     0.8893    -0.2657  # z-axis
...    54 A-T ...
   87.6807    89.2265    18.6687  # origin
   -0.9442     0.2626     0.1989  # x-axis
    0.2853     0.3503     0.8921  # y-axis
    0.1647     0.8991    -0.4057  # z-axis
...    55 A-T ...
   87.4177    92.8116    18.7569  # origin
   -0.7129     0.0237     0.7008  # x-axis
    0.6649     0.3404     0.6649  # y-axis
   -0.2228     0.9400    -0.2584  # z-axis
...    56 A-T ...
   87.9557    95.5514    17.5488  # origin
   -0.3758     0.1523     0.9141  # x-axis
    0.9242     0.1338     0.3576  # y-axis
   -0.0679     0.9792    -0.1910  # z-axis
...    57 A-T ...
   87.5435    98.8567    16.7815  # origin
    0.2851     0.0925     0.9540  # x-axis
    0.9500     0.1049    -0.2941  # y-axis
   -0.1273     0.9902    -0.0579  # z-axis
...    58 G-C ...
   88.2697   102.1372    17.3197  # origin
    0.7043     0.3456     0.6201  # x-axis
    0.6560     0.0171    -0.7546  # y-axis
   -0.2713     0.9382    -0.2147  # z-axis
...    59 G-C ...
   86.3189   105.2582    14.9782  # origin
    0.9502     0.3043    -0.0668  # x-axis
    0.0171    -0.2651    -0.9641  # y-axis
   -0.3111     0.9150    -0.2571  # z-axis
...    60 C-G ...
   85.9133   108.9232    13.1253  # origin
    0.6548     0.2877    -0.6989  # x-axis
   -0.5956    -0.3727    -0.7116  # y-axis
   -0.4652     0.8822    -0.0727  # z-axis
...    61 A-T ...
   83.1797   111.3535    13.3645  # origin
    0.2743    -0.1188    -0.9543  # x-axis
   -0.8344    -0.5227    -0.1748  # y-axis
   -0.4781     0.8442    -0.2425  # z-axis
...    62 T-A ...
   82.0502   114.3011    12.9310  # origin
   -0.1783    -0.3727    -0.9107  # x-axis
   -0.8330    -0.4355     0.3413  # y-axis
   -0.5238     0.8194    -0.2328  # z-axis
...    63 G-C ...
   79.6144   116.8519    12.0321  # origin
   -0.5472    -0.6871    -0.4779  # x-axis
   -0.6020    -0.0736     0.7951  # y-axis
   -0.5815     0.7228    -0.3734  # z-axis
...    64 T-A ...
   78.0796   119.0575    10.6932  # origin
   -0.7243    -0.6873     0.0550  # x-axis
   -0.1706     0.2560     0.9515  # y-axis
   -0.6681     0.6798    -0.3026  # z-axis
...    65 T-A ...
   75.7580   121.4438     9.6651  # origin
   -0.5973    -0.5288     0.6030  # x-axis
    0.2209     0.6143     0.7575  # y-axis
   -0.7710     0.5857    -0.2501  # z-axis
...    66 C-G ...
   73.0998   123.0842     9.4870  # origin
   -0.3301    -0.1626     0.9298  # x-axis
    0.4348     0.8481     0.3027  # y-axis
   -0.8378     0.5042    -0.2093  # z-axis
...    67 A-T ...
   70.5557   125.4868     9.7843  # origin
    0.0959     0.2886     0.9526  # x-axis
    0.4334     0.8494    -0.3010  # y-axis
   -0.8961     0.4418    -0.0436  # z-axis
...    68 G-C ...
   67.9590   127.4824     7.7488  # origin
    0.3175     0.7946     0.5175  # x-axis
    0.3431     0.4125    -0.8438  # y-axis
   -0.8840     0.4455    -0.1417  # z-axis
...    69 C-G ...
   65.4919   129.9071     6.1917  # origin
    0.3659     0.9127    -0.1819  # x-axis
    0.0604    -0.2183    -0.9740  # y-axis
   -0.9287     0.3454    -0.1350  # z-axis
...    70 T-A ...
   62.0866   130.0640     5.6685  # origin
    0.3020     0.6486    -0.6986  # x-axis
   -0.1191    -0.7014    -0.7027  # y-axis
   -0.9458     0.2954    -0.1346  # z-axis
...    71 G-C ...
   58.6226   129.8992     3.8290  # origin
    0.0746     0.0082    -0.9972  # x-axis
   -0.3365    -0.9411    -0.0329  # y-axis
   -0.9387     0.3380    -0.0675  # z-axis
...    72 G-C ...
   55.5322   130.5146     3.2725  # origin
    0.0369    -0.4626    -0.8858  # x-axis
   -0.3037    -0.8497     0.4311  # y-axis
   -0.9521     0.2531    -0.1718  # z-axis
...    73 A-T ...
   52.2963   131.6362     2.9958  # origin
   -0.0419    -0.9006    -0.4326  # x-axis
   -0.2502    -0.4097     0.8772  # y-axis
   -0.9673     0.1450    -0.2082  # z-axis
...    74 A-T ...
   49.1534   132.1629     2.0862  # origin
   -0.0933    -0.9770     0.1915  # x-axis
   -0.1554     0.2043     0.9665  # y-axis
   -0.9834     0.0604    -0.1709  # z-axis
...    75 T-A ...
   46.2095   131.7870     0.5618  # origin
   -0.0537    -0.7565     0.6518  # x-axis
   -0.1736     0.6499     0.7399  # y-axis
   -0.9834    -0.0735    -0.1662  # z-axis
...    76 C-G ...
   42.9492   131.4026    -0.1842  # origin
   -0.0387    -0.2807     0.9590  # x-axis
   -0.1595     0.9492     0.2713  # y-axis
   -0.9864    -0.1424    -0.0815  # z-axis
...    77 C-G ...
   39.6927   130.9511    -0.0714  # origin
   -0.0124     0.2519     0.9677  # x-axis
   -0.1877     0.9499    -0.2497  # y-axis
   -0.9821    -0.1847     0.0355  # z-axis
...    78 A-T ...
   36.1326   131.1904    -1.8058  # origin
   -0.1545     0.8343     0.5292  # x-axis
   -0.0739     0.5244    -0.8483  # y-axis
   -0.9852    -0.1702    -0.0194  # z-axis
...    79 G-C ...
   32.7653   131.7096    -2.1250  # origin
   -0.2500     0.9682    -0.0120  # x-axis
    0.0525     0.0012    -0.9986  # y-axis
   -0.9668    -0.2503    -0.0511  # z-axis
...    80 C-G ...
   29.9972   129.0939    -2.9884  # origin
   -0.2484     0.6952    -0.6746  # x-axis
    0.2546    -0.6250    -0.7379  # y-axis
   -0.9346    -0.3551    -0.0217  # z-axis
...    81 T-A ...
   27.0759   127.1353    -4.7253  # origin
   -0.1110     0.0591    -0.9921  # x-axis
    0.3222    -0.9422    -0.0921  # y-axis
   -0.9401    -0.3298     0.0856  # z-axis
...    82 G-C ...
   24.4062   125.2970    -3.8272  # origin
    0.2349    -0.4255    -0.8740  # x-axis
    0.3945    -0.7800     0.4858  # y-axis
   -0.8884    -0.4589    -0.0153  # z-axis
...    83 A-T ...
   21.2503   123.8419    -3.6591  # origin
    0.5148    -0.7293    -0.4506  # x-axis
    0.1481    -0.4420     0.8847  # y-axis
   -0.8444    -0.5222    -0.1196  # z-axis
...    84 A-T ...
   18.8761   121.5986    -4.0927  # origin
    0.6381    -0.7622     0.1094  # x-axis
   -0.2063    -0.0324     0.9780  # y-axis
   -0.7418    -0.6466    -0.1779  # z-axis
...    85 C-G ...
   16.5178   119.2495    -4.9344  # origin
    0.5275    -0.5788     0.6219  # x-axis
   -0.4922     0.3884     0.7790  # y-axis
   -0.6924    -0.7170    -0.0800  # z-axis
...    86 A-T ...
   13.6952   117.1797    -5.0543  # origin
    0.2458    -0.1319     0.9603  # x-axis
   -0.7349     0.6207     0.2733  # y-axis
   -0.6321    -0.7729     0.0556  # z-axis
...    87 T-A ...
   12.0322   114.4232    -4.7613  # origin
   -0.1297     0.1909     0.9730  # x-axis
   -0.7645     0.6056    -0.2207  # y-axis
   -0.6314    -0.7725     0.0674  # z-axis
...    88 G-C ...
    9.1674   112.2814    -3.7778  # origin
   -0.4981     0.5518     0.6689  # x-axis
   -0.5945     0.3442    -0.7267  # y-axis
   -0.6312    -0.7596     0.1566  # z-axis
...    89 C-G ...
    7.8989   108.9778    -4.4034  # origin
   -0.8192     0.5681     0.0781  # x-axis
   -0.0985    -0.0051    -0.9951  # y-axis
   -0.5650    -0.8229     0.0602  # z-axis
...    90 C-G ...
    6.0764   105.6137    -6.0549  # origin
   -0.7126     0.2713    -0.6470  # x-axis
    0.5395    -0.3776    -0.7526  # y-axis
   -0.4484    -0.8854     0.1227  # z-axis
...    91 T-A ...
    6.1540   101.7548    -5.9132  # origin
   -0.2487    -0.1637    -0.9546  # x-axis
    0.9076    -0.3837    -0.1706  # y-axis
   -0.3384    -0.9088     0.2440  # z-axis
...    92 T-A ...
    5.3566    98.7506    -5.2960  # origin
    0.3000    -0.2718    -0.9144  # x-axis
    0.9108    -0.2035     0.3593  # y-axis
   -0.2837    -0.9406     0.1865  # z-axis
...    93 T-A ...
    4.7711    95.4332    -5.4116  # origin
    0.7708    -0.1743    -0.6127  # x-axis
    0.6030    -0.1105     0.7900  # y-axis
   -0.2054    -0.9785     0.0200  # z-axis
...    94 T-A ...
    4.5126    92.1539    -5.0748  # origin
    0.9913    -0.0251    -0.1290  # x-axis
    0.1265    -0.0836     0.9884  # y-axis
   -0.0356    -0.9962    -0.0797  # z-axis
...    95 G-C ...
    5.1721    88.4548    -5.9052  # origin
    0.8995     0.2960     0.3215  # x-axis
   -0.2783    -0.1792     0.9436  # y-axis
    0.3370    -0.9382    -0.0788  # z-axis
...    96 A-T ...
    6.5923    85.7481    -6.3771  # origin
    0.5559     0.2504     0.7927  # x-axis
   -0.7457    -0.2713     0.6086  # y-axis
    0.3674    -0.9294     0.0359  # z-axis
...    97 T-A ...
    8.0602    83.0626    -6.7941  # origin
    0.1724     0.1949     0.9656  # x-axis
   -0.9045    -0.3569     0.2335  # y-axis
    0.3901    -0.9136     0.1148  # z-axis
...    98 G-C ...
    8.8622    79.8060    -6.7234  # origin
   -0.4748    -0.0551     0.8784  # x-axis
   -0.8156    -0.3475    -0.4626  # y-axis
    0.3307    -0.9361     0.1201  # z-axis
...    99 G-C ...
    9.1720    76.3036    -5.3186  # origin
   -0.8328    -0.2451     0.4963  # x-axis
   -0.3695    -0.4215    -0.8282  # y-axis
    0.4121    -0.8731     0.2604  # z-axis
...   100 A-T ...
   11.7680    73.7874    -6.2196  # origin
   -0.8495    -0.4914    -0.1920  # x-axis
    0.2337    -0.0243    -0.9720  # y-axis
    0.4730    -0.8706     0.1355  # z-axis
...   101 G-C ...
   12.8505    70.4861    -6.5769  # origin
   -0.5439    -0.4466    -0.7105  # x-axis
    0.6484     0.3139    -0.6936  # y-axis
    0.5328    -0.8379     0.1188  # z-axis
...   102 C-G ...
   15.2177    68.3416    -5.6082  # origin
   -0.0016    -0.1999    -0.9798  # x-axis
    0.8322     0.5431    -0.1121  # y-axis
    0.5545    -0.8155     0.1655  # z-axis
...   103 A-T ...
   17.9696    65.7027    -6.3923  # origin
    0.5141     0.1635    -0.8420  # x-axis
    0.7210     0.4493     0.5275  # y-axis
    0.4646    -0.8783     0.1131  # z-axis
...   104 G-C ...
   19.1594    62.3803    -5.1326  # origin
    0.6786     0.5760    -0.4557  # x-axis
    0.3107     0.3371     0.8887  # y-axis
    0.6656    -0.7447     0.0498  # z-axis
...   105 T-A ...
   20.7944    59.7082    -5.1150  # origin
    0.6128     0.7879     0.0608  # x-axis
   -0.0952    -0.0027     0.9955  # y-axis
    0.7845    -0.6158     0.0733  # z-axis
...   106 T-A ...
   23.5729    57.8708    -4.7987  # origin
    0.3570     0.7627     0.5392  # x-axis
   -0.3471    -0.4276     0.8347  # y-axis
    0.8672    -0.4852     0.1121  # z-axis
...   107 T-A ...
   26.4909    56.2633    -4.4824  # origin
   -0.0322     0.3437     0.9385  # x-axis
   -0.4702    -0.8338     0.2892  # y-axis
    0.8820    -0.4320     0.1885  # z-axis
...   108 C-G ...
   28.9589    54.4826    -2.7364  # origin
   -0.2406    -0.2168     0.9461  # x-axis
   -0.2982    -0.9111    -0.2846  # y-axis
    0.9237    -0.3506     0.1546  # z-axis
...   109 C-G ...
   32.0065    53.0109    -3.4158  # origin
   -0.4548    -0.6021     0.6562  # x-axis
   -0.1063    -0.6948    -0.7113  # y-axis
    0.8842    -0.3933     0.2520  # z-axis
...   110 A-T ...
   35.0658    50.4842    -4.5091  # origin
   -0.1401    -0.9900    -0.0162  # x-axis
    0.1920    -0.0111    -0.9813  # y-axis
    0.9713    -0.1406     0.1916  # z-axis
...   111 A-T ...
   37.8850    49.9270    -3.9083  # origin
   -0.0455    -0.8151    -0.5775  # x-axis
    0.2247     0.5549    -0.8010  # y-axis
    0.9734    -0.1662     0.1579  # z-axis
...   112 A-T ...
   41.5874    49.0568    -2.8694  # origin
    0.1095    -0.3188    -0.9415  # x-axis
    0.2796     0.9188    -0.2786  # y-axis
    0.9539    -0.2327     0.1898  # z-axis
...   113 T-A ...
   44.3658    48.0463    -2.4008  # origin
    0.2771     0.2270    -0.9337  # x-axis
    0.1104     0.9577     0.2656  # y-axis
    0.9545    -0.1767     0.2403  # z-axis
...   114 A-T ...
   47.9144    47.4371    -1.6943  # origin
    0.2261     0.7842    -0.5779  # x-axis
   -0.0471     0.6013     0.7976  # y-axis
    0.9730    -0.1532     0.1729  # z-axis
...   115 C-G ...
   51.1375    47.3750    -2.0278  # origin
   -0.0627     0.9736    -0.2196  # x-axis
   -0.1514     0.2082     0.9663  # y-axis
    0.9865     0.0939     0.1343  # z-axis
...   116 A-T ...
   54.2548    47.8243    -1.5667  # origin
   -0.2441     0.9101     0.3350  # x-axis
   -0.0210    -0.3503     0.9364  # y-axis
    0.9695     0.2215     0.1046  # z-axis
...   117 C-G ...
   57.2696    49.0376    -1.0794  # origin
   -0.2735     0.4986     0.8225  # x-axis
    0.1953    -0.8085     0.5551  # y-axis
    0.9418     0.3125     0.1238  # z-axis
...   118 T-A ...
   60.3348    50.2021    -0.9878  # origin
   -0.1624     0.0084     0.9867  # x-axis
    0.2870    -0.9563     0.0554  # y-axis
    0.9441     0.2922     0.1529  # z-axis
...   119 T-A ...
   63.5535    51.7588    -0.4144  # origin
    0.0216    -0.5550     0.8316  # x-axis
    0.3250    -0.7827    -0.5308  # y-axis
    0.9455     0.2817     0.1635  # z-axis
...   120 T-A ...
   66.6409    52.9393     0.0819  # origin
    0.3220    -0.8910     0.3202  # x-axis
    0.2400    -0.2503    -0.9379  # y-axis
    0.9158     0.3788     0.1332  # z-axis
...   121 T-A ...
   69.3728    54.5445     0.3073  # origin
    0.4531    -0.8496    -0.2700  # x-axis
    0.0168     0.3110    -0.9503  # y-axis
    0.8913     0.4260     0.1551  # z-axis
...   122 G-C ...
   71.7137    57.5374    -0.8708  # origin
    0.4823    -0.3488    -0.8036  # x-axis
   -0.3826     0.7413    -0.5514  # y-axis
    0.7880     0.5734     0.2241  # z-axis
...   123 G-C ...
   74.4759    59.3943    -0.4102  # origin
    0.1049    -0.0399    -0.9937  # x-axis
   -0.5494     0.8305    -0.0914  # y-axis
    0.8289     0.5556     0.0651  # z-axis
...   124 T-A ...
   77.3902    60.8782    -0.2277  # origin
   -0.2383     0.3606    -0.9017  # x-axis
   -0.5593     0.7081     0.4310  # y-axis
    0.7939     0.6071     0.0329  # z-axis
...   125 A-T ...
   79.9113    62.5124    -1.2386  # origin
   -0.6736     0.5457    -0.4984  # x-axis
   -0.2819     0.4337     0.8558  # y-axis
    0.6832     0.7170    -0.1384  # z-axis
...   126 G-C ...
   82.6416    64.9753    -2.3946  # origin
   -0.7772     0.6293     0.0025  # x-axis
    0.1736     0.2106     0.9620  # y-axis
    0.6048     0.7481    -0.2729  # z-axis
...   127 A-T ...
   84.3800    71.2428    -3.1775  # origin
   -0.3667     0.2593     0.8935  # x-axis
    0.7933    -0.4145     0.4459  # y-axis
    0.4859     0.8723    -0.0537  # z-axis
...   128 T-A ...
   85.1607    74.2686    -4.4517  # origin
    0.1925     0.0449     0.9803  # x-axis
    0.8825    -0.4448    -0.1530  # y-axis
    0.4292     0.8945    -0.1253  # z-axis
...   129 C-G ...
   86.4784    77.8845    -4.6347  # origin
    0.7217    -0.2201     0.6563  # x-axis
    0.5258    -0.4424    -0.7265  # y-axis
    0.4503     0.8694    -0.2035  # z-axis
...   130 T-A ...
   87.3157    81.0287    -5.2349  # origin
    0.8681    -0.4612     0.1835  # x-axis
    0.0469    -0.2918    -0.9553  # y-axis
    0.4941     0.8380    -0.2317  # z-axis
...   131 G-C ...
   87.5396    83.8779    -8.1452  # origin
    0.7397    -0.2746    -0.6143  # x-axis
   -0.6198     0.0772    -0.7809  # y-axis
    0.2619     0.9585    -0.1131  # z-axis
...   132 C-G ...
   88.0487    86.5259    -8.8653  # origin
    0.2702    -0.3159    -0.9095  # x-axis
   -0.9065     0.2349    -0.3509  # y-axis
    0.3245     0.9192    -0.2229  # z-axis
...   133 A-T ...
   87.4723    90.5943    -9.6193  # origin
   -0.4050    -0.0740    -0.9113  # x-axis
   -0.8602     0.3685     0.3524  # y-axis
    0.3098     0.9267    -0.2129  # z-axis
...   134 G-C ...
   87.6516    93.5446   -10.2549  # origin
   -0.7946    -0.0127    -0.6070  # x-axis
   -0.5818     0.3019     0.7552  # y-axis
    0.1736     0.9533    -0.2472  # z-axis
...   135 G-C ...
   88.3003    96.7580   -11.3837  # origin
   -0.9966    -0.0820    -0.0047  # x-axis
   -0.0267     0.2698     0.9625  # y-axis
   -0.0776     0.9594    -0.2711  # z-axis
...   136 T-A ...
   88.3613    99.7624   -12.8825  # origin
   -0.8659    -0.0137     0.4999  # x-axis
    0.4726     0.3047     0.8269  # y-axis
   -0.1637     0.9524    -0.2573  # z-axis
...   137 G-C ...
   87.7338   102.9407   -13.6766  # origin
   -0.3973     0.0047     0.9177  # x-axis
    0.8778     0.2935     0.3785  # y-axis
   -0.2676     0.9559    -0.1208  # z-axis
...   138 G-C ...
   86.8374   106.1731   -13.0576  # origin
    0.1273     0.0841     0.9883  # x-axis
    0.9551     0.2585    -0.1450  # y-axis
   -0.2677     0.9623    -0.0474  # z-axis
...   139 A-T ...
   85.7475   109.3522   -13.2034  # origin
    0.6643     0.1852     0.7242  # x-axis
    0.7105     0.1446    -0.6887  # y-axis
   -0.2323     0.9720    -0.0355  # z-axis
...   140 T-A ...
   84.6232   112.3583   -12.8733  # origin
    0.9368     0.2447     0.2500  # x-axis
    0.2537     0.0170    -0.9671  # y-axis
   -0.2409     0.9694    -0.0461  # z-axis
...   141 A-T ...
   83.3710   115.6575   -13.2348  # origin
    0.8205     0.2913    -0.4919  # x-axis
   -0.4370    -0.2351    -0.8682  # y-axis
   -0.3685     0.9273    -0.0656  # z-axis
...   142 T-A ...
   82.3838   118.7939   -12.7824  # origin
    0.4575     0.1307    -0.8795  # x-axis
   -0.8079    -0.3521    -0.4726  # y-axis
   -0.3715     0.9268    -0.0555  # z-axis
...   143 T-A ...
   81.4247   121.7625   -13.2160  # origin
   -0.0942    -0.0869    -0.9918  # x-axis
   -0.9433    -0.3107     0.1168  # y-axis
   -0.3183     0.9465    -0.0527  # z-axis
...   144 G-C ...
   79.6564   124.7293   -14.3770  # origin
   -0.5882    -0.2769    -0.7598  # x-axis
   -0.7715    -0.0895     0.6299  # y-axis
   -0.2424     0.9567    -0.1610  # z-axis
...   145 A-T ...
   79.3453   127.9819   -14.4217  # origin
   -0.8825    -0.3901    -0.2628  # x-axis
   -0.2927     0.0182     0.9560  # y-axis
   -0.3682     0.9206    -0.1302  # z-axis
...   146 T-A ...
   77.2924   130.4636   -15.8293  # origin
   -0.8855    -0.3381     0.3187  # x-axis
    0.2316     0.2733     0.9336  # y-axis
   -0.4027     0.9006    -0.1637  # z-axis
