  187 base multiplets
...     1 UACG ...
   38.1418   137.4000    77.8941  # origin
    0.8401     0.3078    -0.4467  # x-axis
    0.5281    -0.6519     0.5442  # y-axis
   -0.1237    -0.6931    -0.7102  # z-axis
...     2 GCG ...
   40.6387   132.8385    50.9429  # origin
   -0.2031    -0.9082     0.3659  # x-axis
   -0.5082    -0.2216    -0.8322  # y-axis
    0.8369    -0.3550    -0.4165  # z-axis
...     3 CGA ...
   41.1701   121.5339    36.5604  # origin
    0.1724     0.9755     0.1370  # x-axis
    0.7318    -0.2199     0.6451  # y-axis
    0.6594    -0.0109    -0.7517  # z-axis
...     4 CAA ...
   53.3249   125.9835    29.9264  # origin
   -0.2792    -0.9571     0.0773  # x-axis
   -0.2370    -0.0093    -0.9715  # y-axis
    0.9305    -0.2895    -0.2242  # z-axis
...     5 GAC ...
   56.2342   124.5053    30.0895  # origin
   -0.4274    -0.3099    -0.8493  # x-axis
    0.3220     0.8256    -0.4633  # y-axis
    0.8448    -0.4715    -0.2531  # z-axis
...     6 GAU ...
   75.6082   139.5978    28.0540  # origin
    0.1204    -0.8212     0.5578  # x-axis
   -0.7233    -0.4574    -0.5173  # y-axis
    0.6799    -0.3412    -0.6491  # z-axis
...     7 GCU ...
   66.9484   151.3778    40.4194  # origin
   -0.6751    -0.7140     0.1857  # x-axis
    0.3052    -0.0411     0.9514  # y-axis
   -0.6717     0.6990     0.2456  # z-axis
...     8 CGA ...
   62.3603   158.3557    35.9660  # origin
    0.1755    -0.4982     0.8491  # x-axis
    0.5432     0.7683     0.3385  # y-axis
   -0.8210     0.4019     0.4054  # z-axis
...     9 GCA ...
   59.1471   159.9202    36.2674  # origin
    0.6200     0.3113     0.7202  # x-axis
    0.0203     0.9112    -0.4114  # y-axis
   -0.7843     0.2697     0.5587  # z-axis
...    10 GCG ...
   47.5176   156.5928    40.8002  # origin
    0.6268     0.7129     0.3144  # x-axis
   -0.3452     0.6158    -0.7083  # y-axis
   -0.6985     0.3354     0.6321  # z-axis
...    11 AAA ...
   45.1669   159.1432    45.4158  # origin
   -0.7265    -0.6305    -0.2733  # x-axis
   -0.3519     0.6829    -0.6402  # y-axis
    0.5903    -0.3689    -0.7180  # z-axis
...    12 AGA ...
   59.6268   123.8036    30.3570  # origin
    0.1097     0.6334    -0.7660  # x-axis
    0.5929     0.5768     0.5619  # y-axis
    0.7978    -0.5158    -0.3122  # z-axis
...    13 GCA ...
   78.7262   120.2349    42.6497  # origin
   -0.6729     0.4152     0.6123  # x-axis
   -0.7315    -0.2500    -0.6344  # y-axis
   -0.1104    -0.8747     0.4719  # z-axis
...    14 AGU ...
   73.6346   113.5214    52.0185  # origin
    0.5387    -0.5024    -0.6763  # x-axis
    0.8321     0.1920     0.5203  # y-axis
   -0.1316    -0.8431     0.5215  # z-axis
...    15 AACG ...
   69.9909   116.9662    59.9275  # origin
   -0.5936     0.7272     0.3446  # x-axis
   -0.5247    -0.0250    -0.8509  # y-axis
   -0.6102    -0.6859     0.3964  # z-axis
...    16 CCUC ...
   68.0967   115.8167    62.2237  # origin
    0.1717    -0.7364    -0.6544  # x-axis
    0.8166    -0.2651     0.5126  # y-axis
   -0.5510    -0.6224     0.5559  # z-axis
...    17 AUG ...
   73.3246    97.2977    59.1187  # origin
    0.6178     0.7850    -0.0459  # x-axis
   -0.5220     0.4531     0.7227  # y-axis
    0.5881    -0.4225     0.6897  # z-axis
...    18 AUG ...
   61.4006    93.5959    76.3443  # origin
   -0.3447    -0.1773     0.9218  # x-axis
   -0.4833     0.8754    -0.0123  # y-axis
   -0.8047    -0.4498    -0.3874  # z-axis
...    19 AGC ...
   83.1893    90.9265    15.5223  # origin
    0.5652    -0.6105    -0.5548  # x-axis
    0.8183     0.3295     0.4710  # y-axis
   -0.1047    -0.7203     0.6858  # z-axis
...    20 GAAU ...
   76.6084    85.3705    19.4551  # origin
    0.9578    -0.0800    -0.2760  # x-axis
    0.2412     0.7456     0.6212  # y-axis
    0.1561    -0.6616     0.7335  # z-axis
...    21 AGC ...
   77.5596    82.2626    20.8253  # origin
    0.8764     0.4644     0.1276  # x-axis
   -0.4131     0.5886     0.6949  # y-axis
    0.2476    -0.6617     0.7077  # z-axis
...    22 CGAG ...
   44.9443    98.2383    28.4674  # origin
   -0.7071    -0.5759    -0.4104  # x-axis
    0.6564    -0.3186    -0.6839  # y-axis
    0.2631    -0.7529     0.6033  # z-axis
...    23 GUA ...
   64.6031    92.7192    38.5622  # origin
   -0.6796     0.1649     0.7148  # x-axis
   -0.3361    -0.9361    -0.1036  # y-axis
    0.6521    -0.3106     0.6916  # z-axis
...    24 AUGC ...
   86.8314    99.5857    -0.6069  # origin
   -0.7840    -0.6070    -0.1300  # x-axis
   -0.6183     0.7821     0.0774  # y-axis
    0.0547     0.1410    -0.9885  # z-axis
...    25 GAU ...
   91.1298   117.9583    -3.4613  # origin
    0.4986    -0.8603     0.1066  # x-axis
   -0.0518    -0.1523    -0.9870  # y-axis
    0.8653     0.4866    -0.1205  # z-axis
...    26 AGU ...
   51.0361   123.1093     6.1989  # origin
    0.6046     0.7759    -0.1799  # x-axis
   -0.7282     0.4469    -0.5196  # y-axis
   -0.3227     0.4452     0.8353  # z-axis
...    27 AAG ...
   20.2072   133.5709    28.4803  # origin
   -0.3138     0.8244    -0.4711  # x-axis
   -0.9010    -0.4151    -0.1262  # y-axis
   -0.2996     0.3848     0.8730  # z-axis
...    28 UUA ...
   13.0439   141.2080    36.9001  # origin
    0.7691     0.2995     0.5646  # x-axis
   -0.1459     0.9424    -0.3011  # y-axis
   -0.6223     0.1492     0.7685  # z-axis
...    29 AAA ...
   92.4387    98.4626    17.2412  # origin
   -0.8675     0.0778    -0.4914  # x-axis
   -0.2450     0.7928     0.5580  # y-axis
    0.4330     0.6045    -0.6687  # z-axis
...    30 GUA ...
   94.7616    97.1609    21.1089  # origin
    0.4363     0.8020     0.4079  # x-axis
   -0.8628     0.5015    -0.0631  # y-axis
   -0.2552    -0.3245     0.9108  # z-axis
...    31 UGC ...
   82.6410    75.9869    38.3309  # origin
   -0.2168    -0.9636    -0.1567  # x-axis
   -0.9538     0.2432    -0.1761  # y-axis
    0.2078     0.1113    -0.9718  # z-axis
...    32 CAG ...
   85.4997    77.6932    35.6753  # origin
   -0.5632    -0.8140    -0.1423  # x-axis
   -0.8240     0.5661     0.0234  # y-axis
    0.0615     0.1305    -0.9895  # z-axis
...    33 ACU ...
   86.9318    77.6246    32.5587  # origin
   -0.9280    -0.3726     0.0012  # x-axis
   -0.3696     0.9210     0.1232  # y-axis
   -0.0470     0.1138    -0.9924  # z-axis
...    34 ACG ...
   27.5149   113.6763    51.2784  # origin
   -0.6306    -0.5865     0.5082  # x-axis
    0.3315    -0.7957    -0.5069  # y-axis
    0.7017    -0.1512     0.6962  # z-axis
...    35 GAA ...
   36.4011   133.2182    50.4107  # origin
   -0.5871    -0.7319    -0.3459  # x-axis
    0.1361    -0.5104     0.8491  # y-axis
   -0.7980     0.4514     0.3993  # z-axis
...    36 UAU ...
   40.2971   132.6488    72.1635  # origin
   -0.1196    -0.3508     0.9288  # x-axis
   -0.9628     0.2692    -0.0223  # y-axis
   -0.2422    -0.8969    -0.3699  # z-axis
...    37 GAA ...
   49.8071   141.8103    55.4763  # origin
    0.3310    -0.9333    -0.1390  # x-axis
   -0.3633    -0.2620     0.8941  # y-axis
   -0.8709    -0.2455    -0.4258  # z-axis
...    38 GUA ...
   51.5086   142.6984    58.8394  # origin
    0.4766    -0.3867    -0.7894  # x-axis
   -0.1003     0.8682    -0.4859  # y-axis
    0.8734     0.3108     0.3751  # z-axis
...    39 GCG ...
   77.2831   134.0326    61.8159  # origin
    0.5459    -0.8119     0.2068  # x-axis
   -0.2247     0.0959     0.9697  # y-axis
   -0.8071    -0.5759    -0.1300  # z-axis
...    40 UACA ...
   21.1518   157.1109    57.0002  # origin
   -0.6848     0.2035     0.6997  # x-axis
   -0.3991     0.6986    -0.5938  # y-axis
   -0.6097    -0.6859    -0.3972  # z-axis
...    41 GAGA ...
   19.0572   155.3774    55.8009  # origin
   -0.6035     0.0520     0.7957  # x-axis
   -0.5047     0.7476    -0.4317  # y-axis
   -0.6173    -0.6621    -0.4249  # z-axis
...    42 GGGC ...
   25.3273   157.4110    56.8901  # origin
    0.5974    -0.7470     0.2917  # x-axis
    0.5381     0.1038    -0.8365  # y-axis
    0.5946     0.6567     0.4640  # z-axis
...    43 UAG ...
   18.8699   165.6475    62.8303  # origin
    0.3061    -0.7542     0.5809  # x-axis
    0.7484    -0.1865    -0.6365  # y-axis
    0.5884     0.6296     0.5074  # z-axis
...    44 ACG ...
   27.6604   146.9033   112.3658  # origin
    0.4852     0.7717     0.4111  # x-axis
   -0.3954     0.6130    -0.6840  # y-axis
   -0.7799     0.1693     0.6026  # z-axis
...    45 ACG ...
   38.9029   127.1050   101.5497  # origin
    0.9834     0.1813    -0.0058  # x-axis
    0.0649    -0.3219     0.9446  # y-axis
    0.1694    -0.9293    -0.3283  # z-axis
...    46 CAU ...
   37.9043   125.0078    96.4977  # origin
    0.9765     0.0924     0.1949  # x-axis
   -0.1541    -0.3332     0.9302  # y-axis
    0.1509    -0.9383    -0.3111  # z-axis
...    47 AGC ...
    9.8925   128.3546    74.2164  # origin
    0.9314     0.2607     0.2542  # x-axis
   -0.3481     0.4325     0.8317  # y-axis
    0.1069    -0.8631     0.4936  # z-axis
...    48 AGGC ...
    6.3086    96.7492    99.8606  # origin
    0.4912     0.8594    -0.1422  # x-axis
   -0.8005     0.5097     0.3151  # y-axis
    0.3433    -0.0409     0.9383  # z-axis
...    49 GUA ...
   16.5351    90.5212   131.2392  # origin
    0.9273     0.0521    -0.3708  # x-axis
    0.0280    -0.9971    -0.0701  # y-axis
   -0.3734     0.0546    -0.9261  # z-axis
...    50 AGC ...
   15.6297    92.4990   128.3093  # origin
    0.8113    -0.4619    -0.3585  # x-axis
   -0.4472    -0.8852     0.1284  # y-axis
   -0.3767     0.0561    -0.9246  # z-axis
...    51 UUA ...
   41.1396   115.7901   104.7965  # origin
    0.3364    -0.6628     0.6690  # x-axis
   -0.7196    -0.6392    -0.2714  # y-axis
    0.6075    -0.3901    -0.6919  # z-axis
...    52 ACGA ...
   42.5467   116.3922    70.1555  # origin
    0.7036    -0.5414     0.4602  # x-axis
   -0.3347     0.3188     0.8868  # y-axis
   -0.6268    -0.7780     0.0431  # z-axis
...    53 ACG ...
   75.1289    67.8840    46.0146  # origin
    0.8755    -0.4626    -0.1397  # x-axis
   -0.4798    -0.8665    -0.1373  # y-axis
   -0.0575     0.1872    -0.9806  # z-axis
...    54 GCG ...
   38.0356    57.8886    51.7927  # origin
    0.1027     0.9022     0.4190  # x-axis
   -0.1531     0.4306    -0.8895  # y-axis
   -0.9829     0.0271     0.1824  # z-axis
...    55 CUA ...
   54.5218   115.8420    78.3069  # origin
   -0.3706    -0.4061    -0.8353  # x-axis
   -0.1769     0.9138    -0.3657  # y-axis
    0.9118     0.0122    -0.4105  # z-axis
...    56 AAGC ...
   71.1339   113.9213    76.8281  # origin
    0.4252     0.2570     0.8678  # x-axis
    0.1631    -0.9649     0.2059  # y-axis
    0.8903     0.0540    -0.4522  # z-axis
...    57 GGC ...
   81.8155   132.4329    66.7986  # origin
   -0.1377     0.7462    -0.6514  # x-axis
   -0.4900     0.5202     0.6995  # y-axis
    0.8608     0.4155     0.2940  # z-axis
...    58 AUGC ...
   87.4173   133.5117    69.5579  # origin
    0.1435    -0.9886    -0.0454  # x-axis
    0.3483     0.0934    -0.9327  # y-axis
    0.9264     0.1180     0.3577  # z-axis
...    59 CGAG ...
   95.5873   151.7511    54.5384  # origin
   -0.5317     0.4947    -0.6875  # x-axis
   -0.7908     0.0005     0.6120  # y-axis
    0.3031     0.8691     0.3909  # z-axis
...    60 UAU ...
   92.9800   156.8363    66.6080  # origin
   -0.3180    -0.5642     0.7619  # x-axis
    0.6710    -0.7017    -0.2395  # y-axis
    0.6697     0.4351     0.6018  # z-axis
...    61 AGG ...
   96.9990   166.5005    93.6912  # origin
   -0.2830    -0.4406     0.8519  # x-axis
    0.2185    -0.8945    -0.3901  # y-axis
    0.9339     0.0758     0.3494  # z-axis
...    62 GCU ...
  107.9590   139.7415    87.5795  # origin
   -0.1793    -0.9452    -0.2730  # x-axis
    0.1275     0.2528    -0.9591  # y-axis
    0.9755    -0.2067     0.0752  # z-axis
...    63 GCA ...
   89.1307   149.8324    91.5925  # origin
   -0.2013     0.2427    -0.9490  # x-axis
    0.3534    -0.8856    -0.3014  # y-axis
   -0.9136    -0.3960     0.0925  # z-axis
...    64 UCA ...
   72.3677   149.4323    91.5775  # origin
    0.4943    -0.7451     0.4478  # x-axis
   -0.4473     0.2236     0.8660  # y-axis
   -0.7454    -0.6283    -0.2228  # z-axis
...    65 UAA ...
   49.4305   145.2323    90.4353  # origin
   -0.3622    -0.0217     0.9319  # x-axis
    0.8514    -0.4147     0.3212  # y-axis
    0.3795     0.9097     0.1686  # z-axis
...    66 AUA ...
  104.3402   139.5499    85.1298  # origin
   -0.0528    -0.6802     0.7312  # x-axis
    0.1806     0.7136     0.6769  # y-axis
   -0.9821     0.1678     0.0852  # z-axis
...    67 AGC ...
   84.9655   132.2605    66.6957  # origin
   -0.3324    -0.0001     0.9431  # x-axis
   -0.2303     0.9697    -0.0811  # y-axis
   -0.9146    -0.2441    -0.3224  # z-axis
...    68 AGC ...
  100.2362   139.4172    85.3731  # origin
    0.2731     0.5170     0.8113  # x-axis
    0.0486     0.8348    -0.5484  # y-axis
   -0.9608     0.1891     0.2029  # z-axis
...    69 CGGA ...
   20.5121   110.5394    70.9107  # origin
   -0.1259     0.8225     0.5546  # x-axis
   -0.9899    -0.1409    -0.0158  # y-axis
    0.0652    -0.5510     0.8319  # z-axis
...    70 AGU ...
   39.1449    94.7527    83.8857  # origin
   -0.9634    -0.2248     0.1461  # x-axis
    0.1929    -0.9597    -0.2046  # y-axis
    0.1862    -0.1690     0.9679  # z-axis
...    71 CGUA ...
   50.7158    85.0058    80.2833  # origin
   -0.0284     0.9065     0.4213  # x-axis
   -0.3967    -0.3971     0.8276  # y-axis
    0.9175    -0.1437     0.3708  # z-axis
...    72 UAC ...
   56.2018    88.5480    77.0331  # origin
   -0.4574     0.8861    -0.0749  # x-axis
   -0.1412     0.0107     0.9899  # y-axis
    0.8780     0.4633     0.1202  # z-axis
...    73 GGC ...
   74.8606    91.4642    82.1869  # origin
    0.8255    -0.1859     0.5330  # x-axis
   -0.4008    -0.8579     0.3215  # y-axis
    0.3975    -0.4790    -0.7827  # z-axis
...    74 ACG ...
   64.3792   111.1041    86.1775  # origin
    0.6463     0.7479     0.1514  # x-axis
    0.6506    -0.6438     0.4029  # y-axis
    0.3988    -0.1619    -0.9026  # z-axis
...    75 GUA ...
   48.2070    66.1396   108.4490  # origin
    0.6568    -0.4552    -0.6012  # x-axis
    0.4407     0.8786    -0.1838  # y-axis
    0.6119    -0.1442     0.7777  # z-axis
...    76 AUC ...
   57.4385    60.8611   115.1832  # origin
    0.1790     0.9325    -0.3136  # x-axis
   -0.6447     0.3519     0.6786  # y-axis
    0.7432     0.0807     0.6642  # z-axis
...    77 GACC ...
   62.5327    62.8775   114.2772  # origin
   -0.5307     0.7605     0.3742  # x-axis
   -0.3351    -0.5938     0.7316  # y-axis
    0.7785     0.2629     0.5699  # z-axis
...    78 CCA ...
   66.6250    63.2903   115.3446  # origin
   -0.6031    -0.3536     0.7150  # x-axis
    0.3813    -0.9151    -0.1309  # y-axis
    0.7006     0.1936     0.6868  # z-axis
...    79 GCA ...
   44.4449    95.6780    98.0906  # origin
    0.9470     0.1935    -0.2563  # x-axis
    0.0497     0.7001     0.7123  # y-axis
    0.3172    -0.6874     0.6534  # z-axis
...    80 CGAU ...
   53.5362    78.1242    99.6476  # origin
   -0.4224    -0.1507     0.8938  # x-axis
    0.0944    -0.9880    -0.1219  # y-axis
    0.9015     0.0328     0.4316  # z-axis
...    81 GCGU ...
   61.6875    83.1972   101.4102  # origin
   -0.0467    -0.9807     0.1899  # x-axis
    0.3831    -0.1931    -0.9033  # y-axis
    0.9225     0.0305     0.3847  # z-axis
...    82 GAGC ...
   61.8345   101.9224   109.7824  # origin
    0.8548     0.4923    -0.1640  # x-axis
   -0.4702     0.8686     0.1562  # y-axis
    0.2193    -0.0564     0.9740  # z-axis
...    83 UUG ...
   64.3085   102.8175   113.2549  # origin
    0.0278     0.9931    -0.1138  # x-axis
    0.9404    -0.0646    -0.3339  # y-axis
   -0.3389    -0.0977    -0.9357  # z-axis
...    84 GCAG ...
   20.8210    97.3918   109.8733  # origin
   -0.8827     0.4698     0.0136  # x-axis
   -0.4242    -0.8087     0.4075  # y-axis
    0.2024     0.3539     0.9131  # z-axis
...    85 GCU ...
   31.5144    99.3840   110.8934  # origin
    0.2027     0.3273    -0.9229  # x-axis
   -0.5885     0.7940     0.1523  # y-axis
    0.7826     0.5123     0.3536  # z-axis
...    86 AGC ...
   40.4782   115.0621   110.7504  # origin
    0.6705     0.5871     0.4535  # x-axis
    0.2070    -0.7351     0.6456  # y-axis
    0.7124    -0.3390    -0.6145  # z-axis
...    87 GAC ...
   17.8372    98.9979   118.0909  # origin
    0.7333    -0.6421    -0.2235  # x-axis
    0.6670     0.7431     0.0536  # y-axis
    0.1316    -0.1884     0.9732  # z-axis
...    88 CCG ...
   26.1463   110.8467   126.4341  # origin
    0.9541    -0.2575    -0.1526  # x-axis
   -0.2605    -0.9655     0.0006  # y-axis
   -0.1475     0.0392    -0.9883  # z-axis
...    89 CAG ...
   35.5885    79.1986   165.1541  # origin
   -0.7059     0.0236    -0.7079  # x-axis
    0.3159    -0.8841    -0.3444  # y-axis
   -0.6340    -0.4667     0.6166  # z-axis
...    90 GGC ...
   64.5473    88.7007   178.8741  # origin
    0.5142    -0.8577    -0.0039  # x-axis
   -0.0085    -0.0097     0.9999  # y-axis
   -0.8576    -0.5141    -0.0123  # z-axis
...    91 CCG ...
   66.7932    91.5241   178.8864  # origin
    0.3786    -0.7387     0.5577  # x-axis
    0.2595    -0.4937    -0.8300  # y-axis
    0.8885     0.4589     0.0048  # z-axis
...    92 AAU ...
   62.6408    85.4099   178.3325  # origin
    0.3572    -0.2298     0.9053  # x-axis
    0.4094    -0.8327    -0.3729  # y-axis
    0.8395     0.5038    -0.2033  # z-axis
...    93 ACG ...
   63.1979   103.5848   129.6964  # origin
    0.6294    -0.6308    -0.4539  # x-axis
   -0.7620    -0.6156    -0.2010  # y-axis
   -0.1526     0.4724    -0.8681  # z-axis
...    94 GUAU ...
   50.9446   148.4134    89.2258  # origin
   -0.3259     0.2949    -0.8982  # x-axis
   -0.8670     0.2855     0.4084  # y-axis
    0.3769     0.9119     0.1627  # z-axis
...    95 AGC ...
   66.5021   180.8880    91.6219  # origin
    0.1654     0.9849    -0.0517  # x-axis
    0.1151     0.0328     0.9928  # y-axis
    0.9795    -0.1702    -0.1079  # z-axis
...    96 UAG ...
   83.8729   164.0926    68.6229  # origin
   -0.4744    -0.4010     0.7837  # x-axis
   -0.5798     0.8122     0.0647  # y-axis
   -0.6624    -0.4237    -0.6178  # z-axis
...    97 AGAU ...
   76.0732   162.6264    71.1010  # origin
   -0.5456     0.8147    -0.1967  # x-axis
    0.2577    -0.0602    -0.9643  # y-axis
   -0.7975    -0.5768    -0.1771  # z-axis
...    98 GCC ...
   52.0495   170.4894    68.6226  # origin
    0.4489     0.8921    -0.0503  # x-axis
   -0.8904     0.4514     0.0587  # y-axis
    0.0751     0.0185     0.9970  # z-axis
...    99 CUA ...
   52.4620   168.3872    72.2529  # origin
   -0.7241     0.6843    -0.0866  # x-axis
   -0.6887    -0.7242     0.0354  # y-axis
   -0.0385     0.0852     0.9956  # z-axis
...   100 GCA ...
   55.4142   168.1810    75.9883  # origin
   -0.8647    -0.0883    -0.4945  # x-axis
    0.1956    -0.9659    -0.1696  # y-axis
   -0.4627    -0.2434     0.8524  # z-axis
...   101 GAC ...
   91.5438   182.5945    44.9394  # origin
   -0.6626     0.2620    -0.7016  # x-axis
   -0.3424    -0.9392    -0.0273  # y-axis
   -0.6661     0.2221     0.7120  # z-axis
...   102 GAC ...
   83.2130   169.7622    49.4744  # origin
   -0.2522     0.6103    -0.7510  # x-axis
    0.6008     0.7071     0.3729  # y-axis
    0.7586    -0.3571    -0.5449  # z-axis
...   103 CGCA ...
  101.0185   161.3929    54.5062  # origin
   -0.8551     0.4583     0.2425  # x-axis
   -0.4309    -0.3680    -0.8239  # y-axis
   -0.2884    -0.8090     0.5122  # z-axis
...   104 CGGA ...
   96.6585   127.5920    46.5992  # origin
   -0.1027    -0.0549     0.9932  # x-axis
   -0.7456     0.6652    -0.0404  # y-axis
   -0.6585    -0.7446    -0.1093  # z-axis
...   105 GCAC ...
  109.1711   183.2222    70.1617  # origin
   -0.7561    -0.6515    -0.0619  # x-axis
    0.1542    -0.2693     0.9506  # y-axis
   -0.6360     0.7092     0.3041  # z-axis
...   106 CCU ...
  100.5121   184.3636    76.8655  # origin
    0.9997     0.0245    -0.0074  # x-axis
   -0.0227     0.7179    -0.6958  # y-axis
   -0.0117     0.6957     0.7182  # z-axis
...   107 CGGA ...
   86.6777   203.3851    74.7209  # origin
   -0.4573    -0.6039    -0.6529  # x-axis
    0.0033    -0.7353     0.6778  # y-axis
   -0.8893     0.3078     0.3382  # z-axis
...   108 CGU ...
   71.0977   163.5109   110.6621  # origin
   -0.2235    -0.8963     0.3830  # x-axis
    0.5694    -0.4390    -0.6950  # y-axis
    0.7911     0.0628     0.6085  # z-axis
...   109 AGC ...
   74.7964   154.2444   126.5816  # origin
    0.4167     0.8212     0.3899  # x-axis
   -0.0566    -0.4046     0.9127  # y-axis
    0.9073    -0.4024    -0.1222  # z-axis
...   110 GAU ...
   82.7363   149.1598   121.9376  # origin
    0.1674     0.9118     0.3749  # x-axis
    0.3602    -0.4106     0.8377  # y-axis
    0.9177    -0.0052    -0.3971  # z-axis
...   111 UAU ...
  112.8039   136.1610    96.3502  # origin
   -0.5803    -0.6393     0.5045  # x-axis
    0.4500     0.2646     0.8529  # y-axis
   -0.6788     0.7220     0.1341  # z-axis
...   112 CGGA ...
   98.0265   195.1985   118.3581  # origin
    0.1451     0.7566     0.6375  # x-axis
    0.7215    -0.5218     0.4551  # y-axis
    0.6770     0.3940    -0.6216  # z-axis
...   113 CGC ...
   81.0367   177.7726   117.3406  # origin
   -0.8145     0.0485    -0.5782  # x-axis
   -0.2508     0.8692     0.4262  # y-axis
    0.5232     0.4921    -0.6958  # z-axis
...   114 AGC ...
   82.7159   178.7282   114.4044  # origin
   -0.8531     0.5058    -0.1276  # x-axis
    0.3390     0.7235     0.6014  # y-axis
    0.3965     0.4698    -0.7887  # z-axis
...   115 CACG ...
  114.4394   126.7233    63.8495  # origin
   -0.0214     0.8874     0.4606  # x-axis
    0.4990    -0.3897     0.7740  # y-axis
    0.8664     0.2464    -0.4344  # z-axis
...   116 CCGG ...
  118.0312   128.4745    63.1821  # origin
    0.2832    -0.8351     0.4715  # x-axis
   -0.2081    -0.5335    -0.8198  # y-axis
    0.9362     0.1341    -0.3249  # z-axis
...   117 CGUAG ...
  117.4324   121.9851    94.6979  # origin
   -0.8531     0.1270    -0.5061  # x-axis
    0.3208     0.8926    -0.3168  # y-axis
    0.4115    -0.4326    -0.8022  # z-axis
...   118 CGA ...
  112.6589   106.1845    92.6769  # origin
   -0.9757     0.1920    -0.1053  # x-axis
    0.2033     0.9730    -0.1096  # y-axis
    0.0814    -0.1284    -0.9884  # z-axis
...   119 CUA ...
  112.0376   107.2915    80.4954  # origin
    0.9427    -0.1276     0.3082  # x-axis
   -0.1336    -0.9910    -0.0017  # y-axis
    0.3056    -0.0395    -0.9513  # z-axis
...   120 GCC ...
  110.7616   105.6912    84.2134  # origin
    0.9738     0.0006     0.2273  # x-axis
   -0.0307    -0.9905     0.1343  # y-axis
    0.2253    -0.1377    -0.9645  # z-axis
...   121 UUA ...
  117.4236    92.7619    66.1696  # origin
    0.1444     0.9213    -0.3609  # x-axis
    0.8783    -0.2874    -0.3821  # y-axis
   -0.4558    -0.2618    -0.8507  # z-axis
...   122 GACG ...
  106.3778   101.5807    55.9367  # origin
   -0.9185    -0.1309    -0.3732  # x-axis
   -0.0870     0.9874    -0.1322  # y-axis
    0.3858    -0.0889    -0.9183  # z-axis
...   123 AGU ...
  106.0784   101.7084    48.3954  # origin
    0.4858     0.8406     0.2395  # x-axis
    0.8074    -0.5365     0.2453  # y-axis
    0.3347     0.0742    -0.9394  # z-axis
...   124 CAG ...
  109.6100   116.1037   106.4124  # origin
    0.6075    -0.7540     0.2498  # x-axis
    0.7901     0.6059    -0.0926  # y-axis
   -0.0816     0.2537     0.9638  # z-axis
...   125 GAU ...
   92.0131   125.3983    96.5568  # origin
   -0.7117    -0.1952    -0.6748  # x-axis
    0.5090     0.5187    -0.6869  # y-axis
    0.4841    -0.8324    -0.2698  # z-axis
...   126 AGC ...
   84.4464   131.3838   128.5844  # origin
   -0.9847     0.1633    -0.0606  # x-axis
    0.1725     0.9625    -0.2095  # y-axis
    0.0241    -0.2167    -0.9759  # z-axis
...   127 GAU ...
   59.1382   106.0644   106.4626  # origin
    0.9882    -0.1532     0.0053  # x-axis
   -0.1432    -0.9350    -0.3244  # y-axis
    0.0547     0.3198    -0.9459  # z-axis
...   128 CGA ...
   39.8615   151.2756   110.6845  # origin
    0.0890    -0.6451     0.7589  # x-axis
   -0.6042    -0.6407    -0.4738  # y-axis
    0.7919    -0.4164    -0.4467  # z-axis
...   129 CGA ...
   44.1314   151.1597   110.2410  # origin
   -0.3709    -0.8598     0.3508  # x-axis
   -0.5153    -0.1237    -0.8480  # y-axis
    0.7726    -0.4953    -0.3972  # z-axis
...   130 GGU ...
   48.9676   137.3831   106.4865  # origin
    0.0296     0.8770    -0.4796  # x-axis
    0.9472     0.1286     0.2936  # y-axis
    0.3192    -0.4630    -0.8269  # z-axis
...   131 GAC ...
   49.5917   135.1090   103.8120  # origin
    0.7320     0.6801    -0.0394  # x-axis
    0.5887    -0.6025     0.5389  # y-axis
    0.3428    -0.4177    -0.8414  # z-axis
...   132 AAU ...
   49.2921   134.6590   100.4898  # origin
    0.9389    -0.0476     0.3409  # x-axis
   -0.2103    -0.8633     0.4588  # y-axis
    0.2725    -0.5024    -0.8206  # z-axis
...   133 CAC ...
   66.1527   113.1872    94.9961  # origin
   -0.8326    -0.4702    -0.2927  # x-axis
   -0.2841     0.8162    -0.5031  # y-axis
    0.4755    -0.3357    -0.8131  # z-axis
...   134 AUC ...
   79.3716   117.0828    78.0388  # origin
    0.0214    -0.9996    -0.0159  # x-axis
   -0.4761     0.0038    -0.8794  # y-axis
    0.8791     0.0264    -0.4759  # z-axis
...   135 CUGGA ...
   89.7137   109.5366    82.6715  # origin
    0.6441     0.6402     0.4186  # x-axis
    0.2399    -0.6887     0.6842  # y-axis
    0.7263    -0.3403    -0.5972  # z-axis
...   136 UUAG ...
   88.6884   106.2401    78.9985  # origin
   -0.6594    -0.7294    -0.1823  # x-axis
   -0.3937     0.5415    -0.7428  # y-axis
    0.6405    -0.4180    -0.6443  # z-axis
...   137 UAU ...
   86.0852   105.2780    72.3553  # origin
    0.1967     0.9803    -0.0192  # x-axis
    0.7883    -0.1465     0.5977  # y-axis
    0.5831    -0.1327    -0.8015  # z-axis
...   138 CGG ...
   87.1436   105.0568    69.1261  # origin
    0.2591     0.9653     0.0329  # x-axis
    0.7391    -0.2201     0.6366  # y-axis
    0.6218    -0.1407    -0.7705  # z-axis
...   139 CGA ...
   75.2385    91.1100    92.2922  # origin
    0.8289     0.4764     0.2933  # x-axis
   -0.0971     0.6388    -0.7633  # y-axis
   -0.5510     0.6042     0.5757  # z-axis
...   140 CGA ...
   76.4383    71.6479    90.6094  # origin
    0.4673     0.0123     0.8840  # x-axis
   -0.4248     0.8800     0.2123  # y-axis
   -0.7754    -0.4747     0.4165  # z-axis
...   141 GCA ...
   73.1900    70.2375    92.2596  # origin
   -0.6212    -0.0125    -0.7836  # x-axis
    0.3059    -0.9245    -0.2277  # y-axis
   -0.7215    -0.3811     0.5781  # z-axis
...   142 AUA ...
   85.1807    53.3610    76.1994  # origin
    0.1497    -0.9823    -0.1130  # x-axis
   -0.7105    -0.0274    -0.7032  # y-axis
    0.6876     0.1855    -0.7020  # z-axis
...   143 UAA ...
   75.9007    44.8993    96.5049  # origin
    0.0155    -0.8976    -0.4405  # x-axis
    0.7196    -0.2959     0.6282  # y-axis
   -0.6942    -0.3267     0.6413  # z-axis
...   144 UGA ...
   70.7732    51.8538    93.2084  # origin
   -0.8258     0.4517     0.3377  # x-axis
    0.5616     0.7139     0.4183  # y-axis
   -0.0522     0.5351    -0.8432  # z-axis
...   145 GAC ...
   60.3266   108.7199   104.2633  # origin
    0.9252    -0.3787    -0.0250  # x-axis
    0.3482     0.8208     0.4529  # y-axis
   -0.1510    -0.4277     0.8912  # z-axis
...   146 UGU ...
   66.5261   104.8524   119.1467  # origin
   -0.9237    -0.3610     0.1282  # x-axis
    0.3694    -0.9280     0.0489  # y-axis
    0.1013     0.0925     0.9905  # z-axis
...   147 CGG ...
   77.0392   127.3415   108.7829  # origin
   -0.0623     0.9904    -0.1231  # x-axis
   -0.9831    -0.0822    -0.1638  # y-axis
   -0.1723     0.1108     0.9788  # z-axis
...   148 CUG ...
   63.4442   122.6484   132.3882  # origin
   -0.5673     0.8045    -0.1759  # x-axis
   -0.7926    -0.5914    -0.1486  # y-axis
   -0.2236     0.0551     0.9731  # z-axis
...   149 UCG ...
   61.9219   126.6917   139.1150  # origin
   -0.5616    -0.7520    -0.3450  # x-axis
    0.7548    -0.6365     0.1587  # y-axis
   -0.3389    -0.1712     0.9251  # z-axis
...   150 CAGA ...
   66.6892   129.0426   137.0288  # origin
   -0.6951     0.6556    -0.2951  # x-axis
   -0.6251    -0.7538    -0.2023  # y-axis
   -0.3551     0.0438     0.9338  # z-axis
...   151 CGAG ...
   51.8320   119.0737   151.0277  # origin
   -0.5062     0.7252     0.4666  # x-axis
   -0.8622    -0.4385    -0.2538  # y-axis
    0.0206    -0.5308     0.8473  # z-axis
...   152 AGA ...
   81.7244   122.0588   166.4776  # origin
   -0.0571     0.8175     0.5731  # x-axis
    0.9179     0.2688    -0.2918  # y-axis
   -0.3926     0.5094    -0.7657  # z-axis
...   153 GCG ...
   79.9104   124.6380   166.0756  # origin
   -0.5322     0.3554     0.7685  # x-axis
    0.7155     0.6740     0.1838  # y-axis
   -0.4527     0.6476    -0.6129  # z-axis
...   154 UAA ...
   23.5269   141.8662   115.8611  # origin
    0.5854     0.7991    -0.1367  # x-axis
   -0.4505     0.1805    -0.8743  # y-axis
   -0.6740     0.5735     0.4657  # z-axis
...   155 GCAA ...
   16.1806   165.8545   120.3341  # origin
   -0.0611    -0.1012    -0.9930  # x-axis
   -0.0139     0.9948    -0.1006  # y-axis
    0.9980     0.0077    -0.0622  # z-axis
...   156 ACG ...
   61.3840   141.3349   139.4994  # origin
    0.6628     0.6740     0.3262  # x-axis
    0.6677    -0.3348    -0.6649  # y-axis
   -0.3390     0.6585    -0.6719  # z-axis
...   157 GUA ...
   73.1168   130.1707   165.2142  # origin
    0.8463     0.4979     0.1895  # x-axis
   -0.3558     0.2634     0.8967  # y-axis
    0.3965    -0.8263     0.4000  # z-axis
...   158 CCG ...
   63.4701   158.6391   134.4551  # origin
   -0.2960    -0.6970    -0.6531  # x-axis
   -0.9014     0.4301    -0.0505  # y-axis
    0.3161     0.5737    -0.7556  # z-axis
...   159 CUA ...
   67.0185   161.2650   132.6320  # origin
   -0.9633     0.1666    -0.2105  # x-axis
    0.0484     0.8791     0.4741  # y-axis
    0.2640     0.4466    -0.8549  # z-axis
...   160 UUA ...
   37.0678   108.2335   160.5063  # origin
    0.9344     0.0192     0.3556  # x-axis
   -0.3347     0.3882     0.8586  # y-axis
   -0.1216    -0.9214     0.3692  # z-axis
...   161 CGA ...
   30.5423   176.8069   113.9882  # origin
    0.1238    -0.6555     0.7450  # x-axis
    0.0435    -0.7464    -0.6640  # y-axis
    0.9914     0.1146    -0.0639  # z-axis
...   162 CGGA ...
   36.4470   181.5191   122.3135  # origin
   -0.0128     0.2838     0.9588  # x-axis
   -0.0248    -0.9587     0.2835  # y-axis
    0.9996    -0.0202     0.0194  # z-axis
...   163 UAA ...
   39.7299   184.8640   122.3981  # origin
   -0.2066     0.1035     0.9729  # x-axis
    0.1383    -0.9813     0.1338  # y-axis
    0.9686     0.1622     0.1884  # z-axis
...   164 AGC ...
   61.1468    14.4654   109.2986  # origin
    0.2730    -0.1713     0.9467  # x-axis
   -0.4822    -0.8758    -0.0194  # y-axis
    0.8324    -0.4512    -0.3217  # z-axis
...   165 GAC ...
   58.1578    36.1349   116.7346  # origin
   -0.8899    -0.4298     0.1531  # x-axis
   -0.0421    -0.2570    -0.9655  # y-axis
    0.4543    -0.8656     0.2106  # z-axis
...   166 CGC ...
   59.9244    33.8560   119.5390  # origin
   -0.8429    -0.3194     0.4330  # x-axis
   -0.3370    -0.3141    -0.8876  # y-axis
    0.4195    -0.8940     0.1571  # z-axis
...   167 CUA ...
   66.4272    12.9182   106.0396  # origin
   -0.2754    -0.5203    -0.8084  # x-axis
    0.2455     0.7749    -0.5824  # y-axis
    0.9294    -0.3589    -0.0857  # z-axis
...   168 CGA ...
   71.2001    10.6157   105.4247  # origin
   -0.3715    -0.5659    -0.7360  # x-axis
    0.1890     0.7301    -0.6567  # y-axis
    0.9090    -0.3831    -0.1642  # z-axis
...   169 CGA ...
   73.7927     8.0735    99.3003  # origin
   -0.4173     0.6475    -0.6376  # x-axis
    0.2048     0.7506     0.6282  # y-axis
    0.8854     0.1316    -0.4458  # z-axis
...   170 GCC ...
   78.5926    11.9649    90.7709  # origin
   -0.3483     0.4256     0.8352  # x-axis
    0.6867    -0.4906     0.5364  # y-axis
    0.6380     0.7604    -0.1214  # z-axis
...   171 UCA ...
   79.9842    14.7277    89.8057  # origin
   -0.0067    -0.0143     0.9999  # x-axis
    0.6580    -0.7530    -0.0063  # y-axis
    0.7530     0.6578     0.0144  # z-axis
...   172 CGC ...
   83.2222    16.8956    88.7181  # origin
    0.5177    -0.8017     0.2988  # x-axis
    0.2999    -0.1571    -0.9410  # y-axis
    0.8013     0.5767     0.1591  # z-axis
...   173 GUA ...
   45.9230    62.5189   118.8622  # origin
   -0.9811    -0.0331     0.1907  # x-axis
    0.1535     0.4676     0.8705  # y-axis
   -0.1180     0.8833    -0.4537  # z-axis
...   174 UCA ...
   85.7341   139.3424    19.5041  # origin
    0.3616     0.7639     0.5346  # x-axis
    0.4086    -0.6452     0.6456  # y-axis
    0.8380    -0.0150    -0.5454  # z-axis
...   175 UGCC ...
   86.2462   139.5900    17.1782  # origin
    0.3403     0.5263     0.7792  # x-axis
    0.3083    -0.8453     0.4363  # y-axis
    0.8883     0.0918    -0.4499  # z-axis
...   176 AAG ...
   20.4982   132.9701    28.0566  # origin
   -0.1989     0.8504    -0.4871  # x-axis
   -0.8855    -0.3689    -0.2825  # y-axis
   -0.4199     0.3751     0.8264  # z-axis
...   177 AAA ...
   91.7736    97.5162    18.2206  # origin
   -0.7672    -0.2411    -0.5944  # x-axis
   -0.5603     0.7031     0.4378  # y-axis
    0.3124     0.6689    -0.6745  # z-axis
...   178 UAA ...
   30.3281   102.1274   137.3854  # origin
   -0.6967    -0.5438     0.4679  # x-axis
    0.7161    -0.5654     0.4092  # y-axis
    0.0420     0.6202     0.7834  # z-axis
...   179 UAU ...
   31.9826   103.6652   138.4852  # origin
   -0.4396     0.8921    -0.1043  # x-axis
   -0.8949    -0.4251     0.1356  # y-axis
    0.0766     0.1529     0.9853  # z-axis
...   180 GCA ...
   33.7517    97.7620   109.6076  # origin
   -0.1804     0.7015    -0.6895  # x-axis
   -0.5992     0.4775     0.6426  # y-axis
    0.7800     0.5291     0.3342  # z-axis
...   181 CGA ...
  119.0251   127.4921    60.9611  # origin
   -0.0639    -0.6253    -0.7778  # x-axis
   -0.3718     0.7382    -0.5629  # y-axis
    0.9261     0.2532    -0.2796  # z-axis
...   182 AUA ...
   65.1158   110.6993    83.3652  # origin
    0.7367     0.5112     0.4427  # x-axis
    0.4079    -0.8581     0.3120  # y-axis
    0.5393    -0.0493    -0.8406  # z-axis
...   183 AAU ...
   63.1108   105.1748   127.5301  # origin
    0.2182    -0.8439    -0.4901  # x-axis
   -0.9665    -0.2564     0.0110  # y-axis
   -0.1349     0.4713    -0.8716  # z-axis
...   184 UAA ...
   67.7351    11.6866   105.7150  # origin
   -0.2576    -0.3572    -0.8978  # x-axis
    0.2086     0.8867    -0.4126  # y-axis
    0.9435    -0.2936    -0.1539  # z-axis
...   185 CAA ...
   73.0966     7.8698    99.4620  # origin
   -0.4205     0.5107    -0.7499  # x-axis
    0.1817     0.8572     0.4819  # y-axis
    0.8889     0.0664    -0.4533  # z-axis
...   186 UAA ...
   69.6120    11.1643   105.7821  # origin
   -0.3798    -0.7549    -0.5347  # x-axis
    0.0598     0.5568    -0.8285  # y-axis
    0.9231    -0.3466    -0.1664  # z-axis
...   187 CUG ...
   64.5445    13.6548   104.6707  # origin
   -0.2736    -0.9297     0.2464  # x-axis
   -0.2911    -0.1641    -0.9425  # y-axis
    0.9167    -0.3296    -0.2258  # z-axis
