 1337 base-pairs
...     1 U-G ...
   22.9102   142.9248   101.9881  # origin
   -0.9849     0.0295    -0.1706  # x-axis
    0.0892     0.9310    -0.3540  # y-axis
    0.1484    -0.3639    -0.9196  # z-axis
...     2 G-C ...
   21.2257   141.1283    98.9837  # origin
   -0.5844     0.7729    -0.2473  # x-axis
    0.8100     0.5738    -0.1207  # y-axis
    0.0486    -0.2708    -0.9614  # z-axis
...     3 C-G ...
   19.9354   139.1476    95.7624  # origin
   -0.0078     0.9971    -0.0758  # x-axis
    0.9993     0.0105     0.0355  # y-axis
    0.0362    -0.0755    -0.9965  # z-axis
...     4 C-G ...
   18.6551   139.1776    92.4793  # origin
    0.4816     0.8662     0.1334  # x-axis
    0.8731    -0.4874     0.0128  # y-axis
    0.0762     0.1103    -0.9910  # z-axis
...     5 A-U ...
   18.3739   140.7071    89.6007  # origin
    0.8385     0.4469     0.3119  # x-axis
    0.4969    -0.8619    -0.1009  # y-axis
    0.2237     0.2396    -0.9447  # z-axis
...     6 G-U ...
   19.2901   143.5694    87.3856  # origin
    0.9228     0.0441     0.3828  # x-axis
    0.1439    -0.9610    -0.2361  # y-axis
    0.3575     0.2730    -0.8931  # z-axis
...     7 C-G ...
   20.3152   145.7079    84.8528  # origin
    0.7517    -0.6342     0.1808  # x-axis
   -0.5187    -0.7379    -0.4318  # y-axis
    0.4073     0.2308    -0.8837  # z-axis
...     8 U-A ...
   22.4926   147.1637    82.2775  # origin
    0.2317    -0.9663     0.1118  # x-axis
   -0.8357    -0.2566    -0.4855  # y-axis
    0.4978     0.0191    -0.8671  # z-axis
...     9 G-C ...
   25.2463   145.9419    80.2271  # origin
   -0.3602    -0.9325    -0.0256  # x-axis
   -0.7734     0.3139    -0.5508  # y-axis
    0.5217    -0.1786    -0.8342  # z-axis
...    10 G-U ...
   28.0435   143.3412    78.8901  # origin
   -0.6676    -0.7419    -0.0620  # x-axis
   -0.5932     0.5804    -0.5579  # y-axis
    0.4499    -0.3357    -0.8276  # z-axis
...    11 U-A ...
   31.5621   141.1580    76.0687  # origin
   -0.8953     0.3575    -0.2657  # x-axis
    0.4403     0.8010    -0.4057  # y-axis
    0.0678    -0.4802    -0.8745  # z-axis
...    12 G-A ...
   30.6306   140.4807    72.9739  # origin
   -0.3440     0.8664    -0.3621  # x-axis
    0.9388     0.3258    -0.1122  # y-axis
    0.0208    -0.3785    -0.9254  # z-axis
...    13 G-A ...
   30.2069   140.3539    70.1629  # origin
    0.0901     0.9545    -0.2844  # x-axis
    0.9943    -0.1027    -0.0295  # y-axis
   -0.0573    -0.2801    -0.9583  # z-axis
...    14 A-G ...
   28.1450   140.3986    65.7538  # origin
   -0.0194     0.9005    -0.4345  # x-axis
    0.9918    -0.0376    -0.1223  # y-axis
   -0.1265    -0.4333    -0.8923  # z-axis
...    15 U-U ...
   27.7889   138.8230    62.8241  # origin
    0.7374     0.6603    -0.1424  # x-axis
    0.6745    -0.7085     0.2076  # y-axis
    0.0362    -0.2491    -0.9678  # z-axis
...    16 U-A ...
   26.6493   138.5183    59.7429  # origin
    0.9887     0.0230     0.1482  # x-axis
   -0.0013    -0.9868     0.1618  # y-axis
    0.1500    -0.1602    -0.9756  # z-axis
...    17 G-C ...
   28.7576   138.4599    56.8616  # origin
    0.7479    -0.4497     0.4883  # x-axis
   -0.5363    -0.8428     0.0452  # y-axis
    0.3912    -0.2956    -0.8715  # z-axis
...    18 C-G ...
   32.4228   137.6705    55.0980  # origin
    0.1988    -0.7331     0.6504  # x-axis
   -0.8160    -0.4914    -0.3045  # y-axis
    0.5428    -0.4702    -0.6959  # z-axis
...    19 U-A ...
   36.4363   138.2230    53.2412  # origin
   -0.6431    -0.7541    -0.1333  # x-axis
   -0.2868     0.3985    -0.8712  # y-axis
    0.7101    -0.5220    -0.4725  # z-axis
...    20 G-C ...
   37.7177   130.8279    48.3406  # origin
   -0.5884    -0.2283    -0.7756  # x-axis
    0.2197     0.8781    -0.4251  # y-axis
    0.7781    -0.4206    -0.4665  # z-axis
...    21 G+G ...
   40.6732   132.8271    51.0320  # origin
   -0.2234    -0.9011     0.3718  # x-axis
   -0.5341    -0.2059    -0.8200  # y-axis
    0.8154    -0.3817    -0.4352  # z-axis
...    22 G-C ...
   38.8660   127.2077    46.4240  # origin
   -0.5838     0.2675    -0.7666  # x-axis
    0.5152     0.8518    -0.0951  # y-axis
    0.6275    -0.4504    -0.6351  # z-axis
...    23 C-G ...
   39.6883   125.9706    43.1364  # origin
    0.0213     0.8589    -0.5117  # x-axis
    0.7807     0.3054     0.5452  # y-axis
    0.6246    -0.4110    -0.6640  # z-axis
...    24 U-A ...
   40.7766   125.3133    40.1135  # origin
    0.2974     0.9521    -0.0705  # x-axis
    0.7051    -0.1693     0.6886  # y-axis
    0.6437    -0.2545    -0.7217  # z-axis
...    25 C-G ...
   41.7697   124.9121    36.6234  # origin
    0.5811     0.7372     0.3449  # x-axis
    0.4486    -0.6437     0.6200  # y-axis
    0.6791    -0.2055    -0.7047  # z-axis
...    26 C-A ...
   41.1435   121.5542    36.5516  # origin
    0.2029     0.9733     0.1072  # x-axis
    0.7651    -0.2259     0.6030  # y-axis
    0.6111    -0.0403    -0.7905  # z-axis
...    27 A-U ...
   43.9184   125.8516    33.4715  # origin
    0.6528     0.3366     0.6786  # x-axis
    0.1408    -0.9341     0.3279  # y-axis
    0.7443    -0.1185    -0.6572  # z-axis
...    28 G-C ...
   46.0476   126.6783    30.7929  # origin
    0.5499    -0.1567     0.8204  # x-axis
   -0.2214    -0.9745    -0.0377  # y-axis
    0.8054    -0.1609    -0.5705  # z-axis
...    29 G-C ...
   50.0768   127.1086    30.2828  # origin
    0.1932    -0.6581     0.7278  # x-axis
   -0.3888    -0.7324    -0.5590  # y-axis
    0.9008    -0.1750    -0.3974  # z-axis
...    30 C-A ...
   52.5315   123.3626    30.3925  # origin
   -0.1183    -0.9925     0.0315  # x-axis
   -0.3586     0.0131    -0.9334  # y-axis
    0.9260    -0.1217    -0.3574  # z-axis
...    31 C-A ...
   53.5999   126.5782    29.8228  # origin
   -0.2781    -0.9605     0.0118  # x-axis
   -0.2610     0.0638    -0.9632  # y-axis
    0.9244    -0.2710    -0.2684  # z-axis
...    32 G+A ...
   56.8758   125.6520    30.9702  # origin
   -0.0713     0.0405    -0.9966  # x-axis
    0.4917     0.8708     0.0002  # y-axis
    0.8679    -0.4900    -0.0821  # z-axis
...    33 G-C ...
   55.6140   123.4609    29.3392  # origin
   -0.5183    -0.6781    -0.5211  # x-axis
   -0.0486     0.6317    -0.7737  # y-axis
    0.8538    -0.3757    -0.3604  # z-axis
...    34 C-G ...
   66.4823   131.9832    30.0486  # origin
    0.7559    -0.6202    -0.2098  # x-axis
   -0.5454    -0.4192    -0.7258  # y-axis
    0.3622     0.6630    -0.6551  # z-axis
...    35 U-A ...
   69.4170   134.9947    29.4261  # origin
    0.3734    -0.8211    -0.4316  # x-axis
   -0.8172    -0.0710    -0.5720  # y-axis
    0.4390     0.5663    -0.6975  # z-axis
...    36 G-A ...
   73.8234   137.1805    27.8036  # origin
    0.2894    -0.9028     0.3182  # x-axis
   -0.7788    -0.4153    -0.4700  # y-axis
    0.5565    -0.1118    -0.8233  # z-axis
...    37 A+U ...
   76.1503   140.7594    28.4881  # origin
    0.3495    -0.3681     0.8616  # x-axis
    0.6704     0.7407     0.0446  # y-axis
   -0.6546     0.5620     0.5056  # z-axis
...    38 G-A ...
   74.6939   144.6413    27.8931  # origin
    0.3114     0.6869    -0.6566  # x-axis
   -0.8861    -0.0397    -0.4618  # y-axis
   -0.3433     0.7256     0.5963  # z-axis
...    39 A+A ...
   71.3441   144.0401    32.1842  # origin
    0.4637    -0.5329     0.7078  # x-axis
    0.7406     0.6717     0.0206  # y-axis
   -0.4864     0.5146     0.7061  # z-axis
...    40 A-G ...
   69.5950   145.6522    34.5132  # origin
    0.3773     0.8378    -0.3946  # x-axis
   -0.7273     0.0042    -0.6864  # y-axis
   -0.5734     0.5460     0.6109  # z-axis
...    41 G-C ...
   67.6203   148.6538    36.7283  # origin
   -0.2937     0.2697    -0.9171  # x-axis
   -0.6913    -0.7225     0.0089  # y-axis
   -0.6602     0.6366     0.3986  # z-axis
...    42 G-C ...
   66.1829   152.1447    37.1448  # origin
   -0.5639    -0.1682    -0.8085  # x-axis
   -0.4449    -0.7629     0.4690  # y-axis
   -0.6957     0.6242     0.3554  # z-axis
...    43 G+U ...
   66.9996   151.3868    40.4686  # origin
   -0.6433    -0.7403     0.1952  # x-axis
    0.3735    -0.0808     0.9241  # y-axis
   -0.6684     0.6674     0.3285  # z-axis
...    44 A-U ...
   64.1617   155.2583    37.0287  # origin
   -0.7041    -0.6301    -0.3274  # x-axis
   -0.0136    -0.4490     0.8934  # y-axis
   -0.7099     0.6336     0.3076  # z-axis
...    45 C-G ...
   60.9621   156.2160    37.1154  # origin
   -0.5190    -0.7908     0.3245  # x-axis
    0.4555     0.0653     0.8878  # y-axis
   -0.7233     0.6086     0.3263  # z-axis
...    46 G-C ...
   57.3134   156.6117    37.4123  # origin
   -0.0789    -0.7420     0.6657  # x-axis
    0.5357     0.5316     0.6561  # y-axis
   -0.8407     0.4083     0.3555  # z-axis
...    47 G+A ...
   59.1097   159.9538    36.2135  # origin
    0.6301     0.3076     0.7130  # x-axis
    0.1250     0.8660    -0.4841  # y-axis
   -0.7664     0.3941     0.5072  # z-axis
...    48 U-G ...
   54.0012   157.4063    38.1150  # origin
    0.3856    -0.1466     0.9110  # x-axis
    0.4187     0.9076    -0.0311  # y-axis
   -0.8222     0.3934     0.4113  # z-axis
...    49 G-C ...
   47.6998   157.6240    40.7793  # origin
    0.7483     0.4005     0.5288  # x-axis
   -0.0289     0.8161    -0.5772  # y-axis
   -0.6627     0.4167     0.6223  # z-axis
...    50 G+G ...
   47.7842   157.3815    40.6618  # origin
    0.6402     0.4865     0.5946  # x-axis
   -0.0736     0.8092    -0.5829  # y-axis
   -0.7647     0.3294     0.5539  # z-axis
...    51 C-G ...
   41.1925   168.9600    40.5183  # origin
   -0.2992    -0.8481    -0.4372  # x-axis
    0.8306    -0.0060    -0.5568  # y-axis
    0.4696    -0.5297     0.7063  # z-axis
...    52 C-G ...
   41.4989   166.6996    42.5388  # origin
    0.1238    -0.6844    -0.7185  # x-axis
    0.9102     0.3668    -0.1926  # y-axis
    0.3953    -0.6301     0.6683  # z-axis
...    53 A+A ...
   45.5702   159.8532    44.4727  # origin
   -0.2903     0.5241    -0.8006  # x-axis
    0.6959     0.6899     0.1993  # y-axis
    0.6568    -0.4993    -0.5651  # z-axis
...    54 A+A ...
   45.4412   158.6752    46.9422  # origin
   -0.7691    -0.5854    -0.2566  # x-axis
   -0.3406     0.7150    -0.6105  # y-axis
    0.5409    -0.3821    -0.7493  # z-axis
...    55 G-C ...
   46.2202   156.1250    44.4211  # origin
    0.0694     0.9122    -0.4039  # x-axis
    0.7319     0.2285     0.6419  # y-axis
    0.6778    -0.3402    -0.6518  # z-axis
...    56 C-G ...
   47.2509   155.8041    40.9386  # origin
    0.4943     0.8689     0.0241  # x-axis
    0.6037    -0.3631     0.7097  # y-axis
    0.6254    -0.3362    -0.7041  # z-axis
...    57 U+A ...
   50.8196   158.7022    38.5444  # origin
    0.6059    -0.1306     0.7848  # x-axis
   -0.2902    -0.9547     0.0652  # y-axis
    0.7407    -0.2672    -0.6164  # z-axis
...    58 G-A ...
   62.4606   158.3395    35.9593  # origin
    0.1834    -0.4867     0.8541  # x-axis
   -0.5167    -0.7869    -0.3375  # y-axis
    0.8363    -0.3794    -0.3958  # z-axis
...    59 G-A ...
   55.4119   155.5279    25.0564  # origin
   -0.1981    -0.9716     0.1298  # x-axis
   -0.6611     0.2302     0.7141  # y-axis
   -0.7237     0.0556    -0.6879  # z-axis
...    60 C-G ...
   53.7193   154.7013    20.8070  # origin
   -0.3692    -0.6301     0.6831  # x-axis
   -0.3181     0.7763     0.5442  # y-axis
   -0.8732    -0.0164    -0.4870  # z-axis
...    61 C-G ...
   51.1752   152.5365    18.2777  # origin
   -0.3481    -0.1391     0.9271  # x-axis
   -0.0976     0.9889     0.1117  # y-axis
   -0.9324    -0.0516    -0.3578  # z-axis
...    62 A-U ...
   47.8475   150.7562    16.9463  # origin
   -0.1669     0.3793     0.9101  # x-axis
    0.0174     0.9240    -0.3819  # y-axis
   -0.9858    -0.0479    -0.1608  # z-axis
...    63 U-A ...
   44.8574   150.0187    17.1702  # origin
   -0.0464     0.7934     0.6069  # x-axis
    0.1356     0.6070    -0.7831  # y-axis
   -0.9897     0.0460    -0.1357  # z-axis
...    64 G-C ...
   41.4719   150.4073    18.3976  # origin
    0.2413     0.9622     0.1262  # x-axis
    0.1169     0.1003    -0.9881  # y-axis
   -0.9634     0.2532    -0.0883  # z-axis
...    65 G-C ...
   38.2980   152.5875    20.1178  # origin
    0.4630     0.7993    -0.3832  # x-axis
   -0.1919    -0.3317    -0.9237  # y-axis
   -0.8653     0.5012    -0.0002  # z-axis
...    66 G-A ...
   35.0311   154.6075    20.9168  # origin
    0.1764    -0.1660    -0.9702  # x-axis
   -0.6458    -0.7634     0.0132  # y-axis
   -0.7429     0.6242    -0.2419  # z-axis
...    67 G-A ...
   33.7661   157.3717    20.5744  # origin
   -0.2870    -0.5930    -0.7523  # x-axis
   -0.6472    -0.4590     0.6087  # y-axis
   -0.7062     0.6616    -0.2521  # z-axis
...    68 A+G ...
   32.1287   164.0473    23.0790  # origin
    0.9157     0.3376    -0.2181  # x-axis
    0.0808    -0.6862    -0.7229  # y-axis
   -0.3937     0.6443    -0.6556  # z-axis
...    69 A-G ...
   31.4747   161.0495    17.9258  # origin
   -0.0427     0.1084    -0.9932  # x-axis
   -0.9367    -0.3500     0.0021  # y-axis
   -0.3474     0.9304     0.1165  # z-axis
...    70 G-C ...
   33.5043   165.1748    27.3856  # origin
   -0.5865     0.7424     0.3237  # x-axis
   -0.7765    -0.6291     0.0357  # y-axis
    0.2301    -0.2304     0.9455  # z-axis
...    71 C-G ...
   35.4357   166.3845    30.5596  # origin
   -0.8983     0.3229     0.2981  # x-axis
   -0.3693    -0.9223    -0.1137  # y-axis
    0.2382    -0.2123     0.9477  # z-axis
...    72 C-G ...
   37.0029   167.8425    33.8905  # origin
   -0.9597    -0.1257     0.2512  # x-axis
    0.0607    -0.9659    -0.2517  # y-axis
    0.2743    -0.2263     0.9346  # z-axis
...    73 G-C ...
   83.3870   158.0792    32.1733  # origin
   -0.9818     0.1482    -0.1185  # x-axis
   -0.0393    -0.7698    -0.6370  # y-axis
   -0.1857    -0.6208     0.7617  # z-axis
...    74 A-U ...
   82.2228   157.0892    35.2440  # origin
   -0.7991    -0.3210    -0.5084  # x-axis
    0.5656    -0.6883    -0.4543  # y-axis
   -0.2041    -0.6506     0.7315  # z-axis
...    75 G-C ...
   80.3453   156.2529    38.2755  # origin
   -0.4310    -0.4771    -0.7659  # x-axis
    0.8734    -0.4338    -0.2213  # y-axis
   -0.2266    -0.7643     0.6037  # z-axis
...    76 U-A ...
   84.6503   158.2758    28.6368  # origin
   -0.9578     0.2489     0.1437  # x-axis
    0.2860     0.7768     0.5610  # y-axis
    0.0281     0.5785    -0.8152  # z-axis
...    77 C-A ...
   84.4598   140.1962    19.0867  # origin
   -0.1124     0.9183    -0.3796  # x-axis
    0.2489     0.3959     0.8839  # y-axis
    0.9620     0.0049    -0.2730  # z-axis
...    78 A+G ...
   79.7654   140.4301    27.2515  # origin
   -0.0222     0.6239    -0.7812  # x-axis
    0.7333     0.5413     0.4115  # y-axis
    0.6796    -0.5637    -0.4695  # z-axis
...    79 A-U ...
   83.0251   140.0170    26.0298  # origin
   -0.1618     0.7127    -0.6825  # x-axis
    0.7222     0.5568     0.4103  # y-axis
    0.6725    -0.4265    -0.6049  # z-axis
...    80 U-A ...
   84.3479   138.4580    23.0692  # origin
    0.0710     0.9801    -0.1855  # x-axis
    0.7701     0.0643     0.6346  # y-axis
    0.6339    -0.1879    -0.7502  # z-axis
...    81 U-C ...
   86.2435   139.8376    19.7345  # origin
    0.2679     0.5379     0.7993  # x-axis
    0.1688    -0.8430     0.5108  # y-axis
    0.9486    -0.0019    -0.3166  # z-axis
...    82 U-A ...
   85.1532   138.8844    19.2717  # origin
    0.3587     0.9112     0.2024  # x-axis
    0.6619    -0.4012     0.6332  # y-axis
    0.6582    -0.0931    -0.7471  # z-axis
...    83 G-C ...
   85.8786   139.2421    15.5265  # origin
    0.4810     0.6236     0.6163  # x-axis
    0.4508    -0.7788     0.4362  # y-axis
    0.7520     0.0681    -0.6557  # z-axis
...    84 C-G ...
   88.2579   141.1520    13.4762  # origin
    0.6275     0.0484     0.7771  # x-axis
    0.0931    -0.9956    -0.0132  # y-axis
    0.7730     0.0806    -0.6293  # z-axis
...    85 U+G ...
   92.1352   141.3770    13.4105  # origin
   -0.1001    -0.9076    -0.4077  # x-axis
   -0.5441     0.3930    -0.7413  # y-axis
    0.8330     0.1476    -0.5332  # z-axis
...    86 C+C ...
   86.7560   140.0113    17.8837  # origin
    0.1486     0.2892     0.9457  # x-axis
   -0.2099     0.9437    -0.2556  # y-axis
   -0.9664    -0.1605     0.2009  # z-axis
...    87 C+A ...
   86.3149   139.8003    19.7365  # origin
    0.2197     0.5305     0.8187  # x-axis
   -0.2218     0.8444    -0.4876  # y-axis
   -0.9500    -0.0745     0.3032  # z-axis
...    88 A-G ...
   60.7554   126.2275    31.8336  # origin
    0.5825     0.8076     0.0919  # x-axis
   -0.0513    -0.0764     0.9958  # y-axis
    0.8112    -0.5848    -0.0031  # z-axis
...    89 C-G ...
   63.7621   124.9782    31.4803  # origin
    0.4808     0.6817     0.5515  # x-axis
   -0.4221    -0.3714     0.8270  # y-axis
    0.7685    -0.6304     0.1092  # z-axis
...    90 C-G ...
   70.0994   123.0084    34.3271  # origin
   -0.2076     0.3831     0.9001  # x-axis
   -0.8524    -0.5223     0.0257  # y-axis
    0.4800    -0.7619     0.4350  # z-axis
...    91 C-G ...
   73.3666   121.6716    35.7135  # origin
   -0.6384     0.1730     0.7500  # x-axis
   -0.6580    -0.6281    -0.4153  # y-axis
    0.3992    -0.7587     0.5148  # z-axis
...    92 C-G ...
   75.7004   120.6276    38.5858  # origin
   -0.9140    -0.1206     0.3873  # x-axis
   -0.2222    -0.6498    -0.7269  # y-axis
    0.3393    -0.7504     0.5672  # z-axis
...    93 G-C ...
   76.0559   119.2553    42.5803  # origin
   -0.9298    -0.3532    -0.1038  # x-axis
    0.3000    -0.5634    -0.7698  # y-axis
    0.2135    -0.7469     0.6298  # z-axis
...    94 G-A ...
   78.7132   120.3132    42.6586  # origin
   -0.6627     0.3693     0.6515  # x-axis
   -0.7462    -0.2522    -0.6161  # y-axis
   -0.0632    -0.8944     0.4427  # z-axis
...    95 A-U ...
   74.8937   117.6084    46.1458  # origin
   -0.6066    -0.5254    -0.5967  # x-axis
    0.7919    -0.3321    -0.5125  # y-axis
    0.0711    -0.7834     0.6174  # z-axis
...    96 G-A ...
   74.2535   115.0035    48.2677  # origin
    0.3456    -0.5620    -0.7515  # x-axis
    0.9365     0.1560     0.3140  # y-axis
   -0.0592    -0.8123     0.5802  # z-axis
...    97 A-U ...
   71.6238   115.1345    53.8184  # origin
    0.1848    -0.5642    -0.8047  # x-axis
    0.9765     0.0130     0.2151  # y-axis
   -0.1109    -0.8255     0.5534  # z-axis
...    98 A+A ...
   71.8250   111.5666    54.3970  # origin
   -0.9710     0.1029    -0.2158  # x-axis
    0.1157    -0.5876    -0.8009  # y-axis
   -0.2092    -0.8026     0.5586  # z-axis
...    99 A+G ...
   69.0585   116.0961    58.7527  # origin
   -0.7943     0.2649    -0.5467  # x-axis
    0.2706    -0.6514    -0.7088  # y-axis
   -0.5439    -0.7110     0.4458  # z-axis
...   100 C-C ...
   69.5779   110.5879    57.5200  # origin
    0.5380    -0.6053    -0.5867  # x-axis
    0.8174     0.2046     0.5385  # y-axis
   -0.2059    -0.7692     0.6049  # z-axis
...   101 C-C ...
   66.2662   115.5209    60.7147  # origin
    0.5156    -0.7691    -0.3775  # x-axis
    0.6806     0.1000     0.7258  # y-axis
   -0.5205    -0.6312     0.5750  # z-axis
...   102 U-U ...
   71.4742   105.9983    58.2179  # origin
    0.9979     0.0544     0.0352  # x-axis
   -0.0621     0.6500     0.7574  # y-axis
    0.0183    -0.7580     0.6520  # z-axis
...   103 G-C ...
   72.0943   101.6829    59.9468  # origin
    0.6204     0.7037     0.3463  # x-axis
   -0.7367     0.3715     0.5651  # y-axis
    0.2690    -0.6057     0.7489  # z-axis
...   104 A-G ...
   73.3521    98.7984    60.2996  # origin
    0.7118     0.6899    -0.1321  # x-axis
   -0.4478     0.5907     0.6712  # y-axis
    0.5411    -0.4186     0.7294  # z-axis
...   105 A+G ...
   61.6786    94.6055    74.8428  # origin
   -0.5846     0.0572     0.8093  # x-axis
   -0.3346     0.8917    -0.3048  # y-axis
   -0.7391    -0.4490    -0.5021  # z-axis
...   106 C-G ...
   73.3910    96.1849    63.2829  # origin
   -0.9732    -0.1304     0.1894  # x-axis
   -0.0188     0.8659     0.4998  # y-axis
   -0.2291     0.4829    -0.8452  # z-axis
...   107 U+G ...
   73.2970    95.7969    57.9377  # origin
    0.5169     0.8544     0.0534  # x-axis
    0.5761    -0.3011    -0.7599  # y-axis
   -0.6332     0.4235    -0.6479  # z-axis
...   108 G+U ...
   75.6454   111.9082    50.2187  # origin
    0.8113    -0.3906    -0.4349  # x-axis
   -0.5645    -0.3304    -0.7564  # y-axis
    0.1518     0.8592    -0.4886  # z-axis
...   109 G+A ...
   59.6169   123.8128    29.9779  # origin
    0.1207     0.6928    -0.7110  # x-axis
   -0.5000    -0.5763    -0.6465  # y-axis
   -0.8576     0.4335     0.2768  # z-axis
...   110 G-A ...
   63.8888   110.8419    16.2621  # origin
    0.8708     0.1390     0.4716  # x-axis
    0.0941    -0.9886     0.1176  # y-axis
    0.4825    -0.0580    -0.8740  # z-axis
...   111 A-U ...
   66.8558   107.0923    14.6103  # origin
    0.6727     0.5689     0.4732  # x-axis
    0.5018    -0.8207     0.2733  # y-axis
    0.5438     0.0535    -0.8375  # z-axis
...   112 A-G ...
   68.2886    93.6281    16.1823  # origin
   -0.4024    -0.7594    -0.5112  # x-axis
    0.9106    -0.2750    -0.3085  # y-axis
    0.0937    -0.5896     0.8022  # z-axis
...   113 A+G ...
   84.3045    92.4153    16.6765  # origin
    0.9632    -0.2439    -0.1132  # x-axis
    0.2476     0.6407     0.7268  # y-axis
   -0.1048    -0.7280     0.6775  # z-axis
...   114 A-U ...
   68.9358    91.0485    17.9273  # origin
    0.5274    -0.5432    -0.6533  # x-axis
    0.8432     0.4292     0.3238  # y-axis
    0.1045    -0.7216     0.6843  # z-axis
...   115 C-G ...
   68.1165    87.1336    18.4638  # origin
    0.8626    -0.2956    -0.4106  # x-axis
    0.4985     0.6350     0.5902  # y-axis
    0.0863    -0.7138     0.6951  # z-axis
...   116 G-A ...
   69.8257    85.5007    20.5654  # origin
    0.8831     0.4580     0.1019  # x-axis
   -0.3658     0.5360     0.7609  # y-axis
    0.2939    -0.7092     0.6409  # z-axis
...   117 G-U ...
   76.1898    85.5044    19.2637  # origin
    0.9427     0.2478    -0.2236  # x-axis
    0.0011     0.6677     0.7444  # y-axis
    0.3337    -0.7020     0.6291  # z-axis
...   118 A+G ...
   76.2741    82.1747    21.0298  # origin
    0.7350     0.5743     0.3605  # x-axis
   -0.6502     0.4460     0.6151  # y-axis
    0.1924    -0.6864     0.7013  # z-axis
...   119 A+A ...
   62.2581   107.7202    17.7849  # origin
   -0.3073     0.9423     0.1329  # x-axis
   -0.9264    -0.2643    -0.2680  # y-axis
   -0.2174    -0.2055     0.9542  # z-axis
...   120 U+A ...
   60.1088   107.3359    20.7094  # origin
    0.7632    -0.6365    -0.1113  # x-axis
    0.6438     0.7346     0.2143  # y-axis
   -0.0546    -0.2352     0.9704  # z-axis
...   121 G-U ...
   57.2914   104.9378    22.8739  # origin
    0.0710    -0.9010    -0.4280  # x-axis
    0.9910     0.0149     0.1331  # y-axis
   -0.1135    -0.4336     0.8939  # z-axis
...   122 U-A ...
   56.0260   102.3834    25.0749  # origin
    0.7271    -0.6141    -0.3069  # x-axis
    0.6825     0.5982     0.4200  # y-axis
   -0.0743    -0.5149     0.8541  # z-axis
...   123 C-G ...
   54.2674    99.6199    27.1645  # origin
    0.9741    -0.1660    -0.1537  # x-axis
    0.2223     0.8284     0.5141  # y-axis
    0.0419    -0.5349     0.8439  # z-axis
...   124 G-C ...
   55.4193    96.4683    29.2539  # origin
    0.8734     0.4734    -0.1141  # x-axis
   -0.3169     0.7305     0.6049  # y-axis
    0.3697    -0.4922     0.7881  # z-axis
...   125 U-G ...
   57.7481    94.4547    30.8505  # origin
    0.4557     0.8562     0.2435  # x-axis
   -0.7819     0.2543     0.5692  # y-axis
    0.4254    -0.4497     0.7853  # z-axis
...   126 U-C ...
   60.6676    92.1015    32.8745  # origin
   -0.4585     0.6969     0.5514  # x-axis
   -0.6814    -0.6740     0.2853  # y-axis
    0.5705    -0.2450     0.7839  # z-axis
...   127 A+A ...
   61.7826    92.7413    36.0281  # origin
   -0.3602    -0.9328    -0.0111  # x-axis
   -0.6779     0.2535     0.6900  # y-axis
   -0.6408     0.2561    -0.7237  # z-axis
...   128 G+U ...
   62.7032    95.3995    41.2343  # origin
   -0.1284     0.7946     0.5934  # x-axis
   -0.6220    -0.5305     0.5759  # y-axis
    0.7724    -0.2951     0.5624  # z-axis
...   129 U-A ...
   65.1296    91.3746    37.1425  # origin
   -0.6617     0.2181     0.7174  # x-axis
   -0.3698    -0.9272    -0.0592  # y-axis
    0.6523    -0.3044     0.6942  # z-axis
...   130 A-G ...
   64.7535    92.6964    43.3793  # origin
   -0.5445     0.3945     0.7402  # x-axis
   -0.5315    -0.8450     0.0594  # y-axis
    0.6489    -0.3610     0.6698  # z-axis
...   131 A-U ...
   66.6669    91.9995    46.4069  # origin
   -0.8050    -0.5209     0.2841  # x-axis
    0.2407    -0.7244    -0.6460  # y-axis
    0.5423    -0.4516     0.7085  # z-axis
...   132 C-G ...
   67.9920    92.4284    50.4797  # origin
   -0.6045    -0.7940    -0.0641  # x-axis
    0.5780    -0.3818    -0.7212  # y-axis
    0.5482    -0.4730     0.6898  # z-axis
...   133 G+A ...
   50.1388    98.6250    26.5908  # origin
   -0.0838    -0.7667    -0.6365  # x-axis
   -0.9840    -0.0372     0.1743  # y-axis
   -0.1573     0.6409    -0.7513  # z-axis
...   134 G-C ...
   71.0471   108.8917    12.7087  # origin
    0.4359    -0.7406     0.5114  # x-axis
   -0.6549    -0.6508    -0.3843  # y-axis
    0.6174    -0.1674    -0.7686  # z-axis
...   135 C-G ...
   75.1046   108.4953    12.4307  # origin
    0.1880    -0.9418     0.2786  # x-axis
   -0.7273    -0.3241    -0.6050  # y-axis
    0.6601    -0.0889    -0.7459  # z-axis
...   136 C-G ...
   79.3962   108.4834    11.2478  # origin
   -0.3036    -0.9524    -0.0277  # x-axis
   -0.7230     0.2492    -0.6443  # y-axis
    0.6205    -0.1756    -0.7643  # z-axis
...   137 C-G ...
   83.7456   106.6857    10.6366  # origin
   -0.5549    -0.7872    -0.2692  # x-axis
   -0.6108     0.6052    -0.5106  # y-axis
    0.5648    -0.1189    -0.8166  # z-axis
...   138 A-U ...
   85.2053   105.6617     7.2364  # origin
   -0.6516     0.5650    -0.5061  # x-axis
    0.5608     0.8081     0.1802  # y-axis
    0.5108    -0.1664    -0.8434  # z-axis
...   139 A-G ...
   83.6959   108.0239     2.8673  # origin
   -0.6444     0.7125    -0.2776  # x-axis
    0.6081     0.6977     0.3788  # y-axis
    0.4635     0.0753    -0.8829  # z-axis
...   140 A-U ...
   85.6989   107.2076     0.3124  # origin
   -0.1370     0.9707     0.1974  # x-axis
    0.8988     0.0380     0.4367  # y-axis
    0.4164     0.2372    -0.8777  # z-axis
...   141 A+G ...
   85.9360   100.8149    -0.3289  # origin
   -0.9997    -0.0225    -0.0057  # x-axis
   -0.0226     0.9994     0.0254  # y-axis
    0.0051     0.0255    -0.9997  # z-axis
...   142 C-G ...
   87.6943   110.4544    -2.6021  # origin
    0.4360     0.2615     0.8611  # x-axis
    0.6187    -0.7819    -0.0758  # y-axis
    0.6535     0.5658    -0.5027  # z-axis
...   143 C-G ...
   89.2200   114.6605    -2.6288  # origin
    0.5018    -0.2234     0.8356  # x-axis
    0.4206    -0.7812    -0.4614  # y-axis
    0.7559     0.5830    -0.2980  # z-axis
...   144 G-U ...
   92.0490   116.4970    -2.4683  # origin
    0.4946    -0.8620     0.1110  # x-axis
    0.0514    -0.0984    -0.9938  # y-axis
    0.8676     0.4972    -0.0044  # z-axis
...   145 A-G ...
   95.4583   118.8688    -1.2896  # origin
    0.6236    -0.6964     0.3552  # x-axis
    0.1907    -0.3051    -0.9330  # y-axis
    0.7581     0.6496    -0.0575  # z-axis
...   146 A-U ...
   90.2106   119.4197    -4.4543  # origin
    0.5026    -0.8585     0.1016  # x-axis
   -0.1540    -0.2045    -0.9667  # y-axis
    0.8507     0.4702    -0.2350  # z-axis
...   147 G-C ...
   90.4516   127.9520    -1.6370  # origin
    0.5301     0.4372    -0.7265  # x-axis
   -0.4592    -0.5723    -0.6794  # y-axis
   -0.7128     0.6938    -0.1026  # z-axis
...   148 C-G ...
   88.9509   131.4295    -0.4196  # origin
    0.1936     0.0822    -0.9776  # x-axis
   -0.6578    -0.7284    -0.1915  # y-axis
   -0.7278     0.6802    -0.0870  # z-axis
...   149 C-G ...
   87.7346   135.1305    -0.5466  # origin
   -0.1034    -0.3750    -0.9212  # x-axis
   -0.6830    -0.6465     0.3398  # y-axis
   -0.7230     0.6644    -0.1893  # z-axis
...   150 C-G ...
   86.4756   138.4721    -2.1269  # origin
   -0.3613    -0.6887    -0.6287  # x-axis
   -0.5355    -0.3987     0.7445  # y-axis
   -0.7633     0.6057    -0.2247  # z-axis
...   151 U-C ...
   85.5951   141.9362    -3.2644  # origin
   -0.5792    -0.7757     0.2506  # x-axis
   -0.1095     0.3787     0.9190  # y-axis
   -0.8078     0.5049    -0.3043  # z-axis
...   152 C+A ...
   83.4243    93.9232     5.7063  # origin
    0.9807    -0.1873    -0.0551  # x-axis
    0.1951     0.9294     0.3134  # y-axis
   -0.0075    -0.3181     0.9480  # z-axis
...   153 G-C ...
   85.8022    97.0343     2.9958  # origin
    0.3478    -0.9145    -0.2066  # x-axis
   -0.9314    -0.3623     0.0355  # y-axis
   -0.1073     0.1801    -0.9778  # z-axis
...   154 G-C ...
   87.2420    97.0665    -0.8148  # origin
   -0.2007    -0.9734    -0.1109  # x-axis
   -0.9772     0.1910     0.0923  # y-axis
   -0.0687     0.1269    -0.9895  # z-axis
...   155 G-U ...
   86.9218    95.2934    -4.1856  # origin
   -0.7642    -0.6251     0.1589  # x-axis
   -0.5955     0.7785     0.1984  # y-axis
   -0.2477     0.0570    -0.9672  # z-axis
...   156 C-G ...
   86.2340    94.6579    -7.2556  # origin
   -0.9204     0.0811     0.3825  # x-axis
    0.1140     0.9914     0.0643  # y-axis
   -0.3740     0.1028    -0.9217  # z-axis
...   157 U-A ...
   84.0004    93.8295   -10.0815  # origin
   -0.6527     0.5552     0.5155  # x-axis
    0.5702     0.8080    -0.1482  # y-axis
   -0.4988     0.1972    -0.8440  # z-axis
...   158 A-U ...
   81.0541    93.9923   -12.0586  # origin
   -0.0172     0.8067     0.5907  # x-axis
    0.7014     0.4308    -0.5679  # y-axis
   -0.7126     0.4045    -0.5733  # z-axis
...   159 C-G ...
   77.6892    95.8901   -11.7900  # origin
    0.2650     0.9232     0.2783  # x-axis
    0.6229     0.0565    -0.7803  # y-axis
   -0.7361     0.3801    -0.5601  # z-axis
...   160 C-G ...
   74.3264    98.0262   -11.7240  # origin
    0.6895     0.7112    -0.1371  # x-axis
    0.2583    -0.4183    -0.8708  # y-axis
   -0.6766     0.5650    -0.4721  # z-axis
...   161 U-C ...
   70.9859   100.1831   -11.6876  # origin
    0.6737     0.2316    -0.7018  # x-axis
   -0.3883    -0.6971    -0.6028  # y-axis
   -0.6288     0.6786    -0.3797  # z-axis
...   162 U-U ...
   67.5134   111.3978    -4.8171  # origin
   -0.8692     0.1194    -0.4798  # x-axis
   -0.4527    -0.5824     0.6752  # y-axis
   -0.1988     0.8041     0.5603  # z-axis
...   163 C-G ...
   66.8345   114.4558    -4.0563  # origin
   -0.9178    -0.3913     0.0667  # x-axis
    0.2352    -0.4006     0.8856  # y-axis
   -0.3198     0.8285     0.4597  # z-axis
...   164 A-C ...
   65.1763   117.7135    -3.6125  # origin
   -0.5927    -0.7253     0.3503  # x-axis
    0.5924    -0.0979     0.7997  # y-axis
   -0.5457     0.6815     0.4876  # z-axis
...   165 G-A ...
   61.7620   118.8989    -2.3558  # origin
   -0.1411    -0.7788     0.6112  # x-axis
    0.7840     0.2891     0.5494  # y-axis
   -0.6045     0.5567     0.5698  # z-axis
...   166 C-G ...
   58.2885   120.5499    -1.7007  # origin
    0.3684    -0.5230     0.7686  # x-axis
    0.7485     0.6572     0.0884  # y-axis
   -0.5514     0.5428     0.6335  # z-axis
...   167 C-C ...
   55.1384   121.5424     0.7303  # origin
    0.8487     0.0098     0.5287  # x-axis
    0.2305     0.8930    -0.3865  # y-axis
   -0.4759     0.4499     0.7557  # z-axis
...   168 G-A ...
   54.5968   122.6864     3.8166  # origin
    0.7033     0.7109    -0.0067  # x-axis
   -0.5846     0.5729    -0.5745  # y-axis
   -0.4046     0.4079     0.8185  # z-axis
...   169 A-U ...
   49.4640   120.3986     6.7421  # origin
    0.8256     0.5578     0.0848  # x-axis
   -0.4161     0.7035    -0.5761  # y-axis
   -0.3811     0.4403     0.8129  # z-axis
...   170 C-C ...
   46.7045   122.5049    11.8240  # origin
    0.3892     0.9079    -0.1559  # x-axis
   -0.7533     0.2163    -0.6211  # y-axis
   -0.5302     0.3591     0.7681  # z-axis
...   171 G-C ...
   45.4215   124.6916    14.8849  # origin
   -0.2356     0.7056    -0.6683  # x-axis
   -0.7553    -0.5657    -0.3310  # y-axis
   -0.6116     0.4268     0.6662  # z-axis
...   172 U-A ...
   43.9973   127.4513    16.6665  # origin
   -0.5285     0.1656    -0.8326  # x-axis
   -0.5373    -0.8246     0.1770  # y-axis
   -0.6573     0.5409     0.5248  # z-axis
...   173 C-G ...
   42.1775   130.2425    17.9329  # origin
   -0.6073    -0.4354    -0.6646  # x-axis
   -0.1219    -0.7754     0.6195  # y-axis
   -0.7851     0.4572     0.4178  # z-axis
...   174 U-A ...
   39.3148   132.2367    17.7505  # origin
   -0.5100    -0.8077    -0.2959  # x-axis
    0.1857    -0.4393     0.8790  # y-axis
   -0.8399     0.3933     0.3740  # z-axis
...   175 C-G ...
   36.1979   133.3251    17.2027  # origin
   -0.3187    -0.9187     0.2332  # x-axis
    0.3709     0.1055     0.9227  # y-axis
   -0.8723     0.3805     0.3071  # z-axis
...   176 G-C ...
   32.0280   133.6259    17.0461  # origin
   -0.0072    -0.8226     0.5686  # x-axis
    0.4424     0.5073     0.7395  # y-axis
   -0.8968     0.2568     0.3603  # z-axis
...   177 A-U ...
   28.2322   133.7508    16.5951  # origin
    0.2909    -0.4171     0.8610  # x-axis
    0.3510     0.8837     0.3096  # y-axis
   -0.8901     0.2121     0.4035  # z-axis
...   178 C-C ...
   24.9629   133.5022    17.9785  # origin
    0.5998     0.2514     0.7596  # x-axis
   -0.0889     0.9644    -0.2490  # y-axis
   -0.7952     0.0818     0.6008  # z-axis
...   179 G-A ...
   22.9697   133.7388    20.8034  # origin
    0.4283     0.8747     0.2269  # x-axis
   -0.6074     0.4646    -0.6443  # y-axis
   -0.6690     0.1382     0.7303  # z-axis
...   180 A-G ...
   17.9383   132.7349    26.6787  # origin
    0.2515     0.9156    -0.3136  # x-axis
   -0.7857     0.0040    -0.6186  # y-axis
   -0.5652     0.4020     0.7204  # z-axis
...   181 A-G ...
   17.3562   133.9364    27.5261  # origin
    0.0611     0.8992    -0.4332  # x-axis
   -0.9389    -0.0955    -0.3307  # y-axis
   -0.3388     0.4269     0.8384  # z-axis
...   182 G-C ...
    2.3091   136.0811    32.5572  # origin
    0.4215    -0.6518     0.6305  # x-axis
    0.9029     0.3664    -0.2249  # y-axis
   -0.0844     0.6641     0.7429  # z-axis
...   183 U-A ...
   12.2683   141.8647    36.3793  # origin
    0.6148     0.6655     0.4232  # x-axis
   -0.4134     0.7289    -0.5457  # y-axis
   -0.6716     0.1606     0.7233  # z-axis
...   184 C-G ...
    0.1901   137.6251    34.9701  # origin
    0.8764    -0.3684     0.3101  # x-axis
    0.4781     0.7427    -0.4688  # y-axis
   -0.0576     0.5591     0.8271  # z-axis
...   185 U-A ...
   -0.8237   138.2117    39.0918  # origin
    0.9829    -0.0730    -0.1693  # x-axis
   -0.0448     0.7958    -0.6038  # y-axis
    0.1788     0.6011     0.7789  # z-axis
...   186 C-G ...
   -0.0710   139.1619    42.2659  # origin
    0.7513     0.2944    -0.5906  # x-axis
   -0.5689     0.7425    -0.3536  # y-axis
    0.3344     0.6017     0.7254  # z-axis
...   187 U-A ...
    2.5091   140.7800    44.6147  # origin
    0.2082     0.5269    -0.8241  # x-axis
   -0.8498     0.5146     0.1143  # y-axis
    0.4843     0.6765     0.5549  # z-axis
...   188 U-A ...
    6.5314   141.1588    46.9844  # origin
   -0.8134     0.5639    -0.1426  # x-axis
   -0.3542    -0.2856     0.8905  # y-axis
    0.4614     0.7748     0.4321  # z-axis
...   189 G+A ...
    7.3975   145.3827    45.8183  # origin
   -0.8745     0.3770     0.3050  # x-axis
    0.0714    -0.5220     0.8499  # y-axis
    0.4797     0.7651     0.4296  # z-axis
...   190 G+G ...
   13.5150   149.6389    48.5302  # origin
   -0.6878     0.6300     0.3606  # x-axis
    0.0922     0.5686    -0.8174  # y-axis
   -0.7200    -0.5290    -0.4492  # z-axis
...   191 A+U ...
   13.5496   143.0062    51.1251  # origin
   -0.0096    -0.9352     0.3541  # x-axis
   -0.9307     0.1379     0.3388  # y-axis
   -0.3657    -0.3263    -0.8717  # z-axis
...   192 G-C ...
    5.6921   133.7022    30.7855  # origin
    0.0555    -0.6345     0.7710  # x-axis
   -0.9920    -0.1227    -0.0296  # y-axis
    0.1134    -0.7632    -0.6362  # z-axis
...   193 U-A ...
    8.5118   130.8097    29.4151  # origin
   -0.5198    -0.5648     0.6410  # x-axis
   -0.8475     0.2464    -0.4701  # y-axis
    0.1076    -0.7876    -0.6067  # z-axis
...   194 G-C ...
   11.0055   127.8075    28.2217  # origin
   -0.8737    -0.2523     0.4160  # x-axis
   -0.4865     0.4660    -0.7391  # y-axis
   -0.0073    -0.8481    -0.5299  # z-axis
...   195 A-U ...
   18.3639   133.1704    21.8696  # origin
   -0.4289     0.5098    -0.7457  # x-axis
   -0.6069    -0.7741    -0.1802  # y-axis
   -0.6691     0.3753     0.6414  # z-axis
...   196 A-G ...
   23.0582   133.2054    29.4345  # origin
   -0.6460     0.6344    -0.4246  # x-axis
   -0.7181    -0.6937     0.0562  # y-axis
   -0.2588     0.3412     0.9037  # z-axis
...   197 G-C ...
   22.8348   135.4302    32.1581  # origin
   -0.9537    -0.2077    -0.2175  # x-axis
    0.1003    -0.9014     0.4212  # y-axis
   -0.2835     0.3799     0.8805  # z-axis
...   198 G-C ...
   20.6398   138.4795    33.9600  # origin
   -0.7949    -0.6060    -0.0293  # x-axis
    0.5082    -0.6915     0.5134  # y-axis
   -0.3314     0.3933     0.8576  # z-axis
...   199 G-C ...
   17.2671   139.9849    36.0148  # origin
   -0.2691    -0.9622     0.0408  # x-axis
    0.7874    -0.1955     0.5846  # y-axis
   -0.5545     0.1895     0.8103  # z-axis
...   200 U-A ...
   13.8195   140.5512    37.4210  # origin
    0.8018    -0.1221     0.5850  # x-axis
    0.1780     0.9833    -0.0387  # y-axis
   -0.5705     0.1352     0.8101  # z-axis
...   201 G+U ...
   52.6081   125.8200     5.6557  # origin
    0.2689     0.8844    -0.3814  # x-axis
    0.9265    -0.1294     0.3533  # y-axis
    0.2631    -0.4484    -0.8542  # z-axis
...   202 A+A ...
   94.5322    97.4798    17.8351  # origin
   -0.8545     0.5112    -0.0925  # x-axis
    0.4192     0.7837     0.4584  # y-axis
    0.3068     0.3529    -0.8839  # z-axis
...   203 G+U ...
   98.4943    99.0814    22.6981  # origin
    0.9029     0.2554     0.3456  # x-axis
   -0.3755     0.8601     0.3452  # y-axis
   -0.2091    -0.4415     0.8726  # z-axis
...   204 U-A ...
   93.1091    96.2514    20.2784  # origin
    0.4800     0.7212     0.4995  # x-axis
   -0.8092     0.5839    -0.0655  # y-axis
   -0.3389    -0.3727     0.8638  # z-axis
...   205 A-G ...
   95.6050    97.9080    25.5774  # origin
    0.5719     0.7082     0.4141  # x-axis
   -0.7728     0.6345    -0.0178  # y-axis
   -0.2754    -0.3098     0.9100  # z-axis
...   206 G-C ...
   95.3711    97.8282    29.5496  # origin
   -0.3622     0.9304     0.0559  # x-axis
   -0.8692    -0.3155    -0.3807  # y-axis
   -0.3366    -0.1864     0.9230  # z-axis
...   207 C-G ...
   96.0069    98.1384    33.2506  # origin
   -0.7433     0.6270    -0.2331  # x-axis
   -0.5374    -0.7672    -0.3501  # y-axis
   -0.3983    -0.1350     0.9073  # z-axis
...   208 G-C ...
   95.1109    99.6710    36.6994  # origin
   -0.8366     0.2017    -0.5093  # x-axis
   -0.1573    -0.9790    -0.1294  # y-axis
   -0.5248    -0.0281     0.8508  # z-axis
...   209 G-U ...
   93.0332   101.3544    39.0265  # origin
   -0.6487    -0.2768    -0.7090  # x-axis
    0.2536    -0.9569     0.1416  # y-axis
   -0.7176    -0.0880     0.6909  # z-axis
...   210 G-C ...
   89.5266   102.0036    40.3265  # origin
   -0.2455    -0.7910    -0.5604  # x-axis
    0.5297    -0.5936     0.6059  # y-axis
   -0.8119    -0.1481     0.5647  # z-axis
...   211 G-C ...
   85.8120   101.4930    40.0972  # origin
