   22 base-pairs
...     1 A-T ...
    0.0000    0.0000    0.0000
    1.0000    0.0000    0.0000
    0.0000    1.0000    0.0000
    0.0000    0.0000    1.0000
...     2 A-T ...
    0.0000    0.0000    3.3400
    0.8090    0.5878    0.0000
   -0.5878    0.8090    0.0000
    0.0000    0.0000    1.0000
...     3 A-T ...
    0.0000    0.0000    6.6800
    0.3090    0.9511    0.0000
   -0.9511    0.3090    0.0000
    0.0000    0.0000    1.0000
...     4 A-T ...
    0.0000    0.0000   10.0200
   -0.3090    0.9511    0.0000
   -0.9511   -0.3090    0.0000
    0.0000    0.0000    1.0000
...     5 A-T ...
    0.0000    0.0000   13.3600
   -0.8090    0.5878    0.0000
   -0.5878   -0.8090    0.0000
    0.0000    0.0000    1.0000
...     6 A-T ...
    0.0000    0.0000   16.7000
   -1.0000    0.0000    0.0000
   -0.0000   -1.0000    0.0000
    0.0000    0.0000    1.0000
...     7 A-T ...
   -1.2156   -0.3950   19.7858
   -0.5441   -0.5017   -0.6725
    0.5017   -0.8370    0.2185
   -0.6725   -0.2185    0.7071
...     8 A-T ...
   -3.4617   -1.1248   22.1475
   -0.1453   -0.8979   -0.4156
    0.7257   -0.3822    0.5721
   -0.6725   -0.2185    0.7071
...     9 A-T ...
   -5.7079   -1.8546   24.5092
    0.3090   -0.9511   -0.0000
    0.6725    0.2185    0.7071
   -0.6725   -0.2185    0.7071
...    10 A-T ...
   -7.9540   -2.5844   26.8710
    0.6453   -0.6410    0.4156
    0.3624    0.7358    0.5721
   -0.6725   -0.2185    0.7071
...    11 A-T ...
  -10.2002   -3.3142   29.2327
    0.7351   -0.0861    0.6725
   -0.0861    0.9720    0.2185
   -0.6725   -0.2185    0.7071
...    12 A-T ...
  -12.4463   -4.0441   31.5944
    0.5441    0.5017    0.6725
   -0.5017    0.8370   -0.2185
   -0.6725   -0.2185    0.7071
...    13 A-T ...
  -14.6925   -4.7739   33.9562
    0.1453    0.8979    0.4156
   -0.7257    0.3822   -0.5721
   -0.6725   -0.2185    0.7071
...    14 A-T ...
  -16.9386   -5.5037   36.3179
   -0.3090    0.9511    0.0000
   -0.6725   -0.2185   -0.7071
   -0.6725   -0.2185    0.7071
...    15 A-T ...
  -19.1848   -6.2335   38.6797
   -0.6453    0.6410   -0.4156
   -0.3624   -0.7358   -0.5721
   -0.6725   -0.2185    0.7071
...    16 A-T ...
  -21.4309   -6.9633   41.0414
   -0.7351    0.0861   -0.6725
    0.0861   -0.9720   -0.2185
   -0.6725   -0.2185    0.7071
...    17 A-T ...
  -24.3656   -7.9169   42.3196
    0.0955   -0.2939   -0.9511
    0.2939   -0.9045    0.3090
   -0.9511   -0.3090    0.0000
...    18 A-T ...
  -27.5422   -8.9490   42.3196
    0.2500   -0.7694   -0.5878
    0.1816   -0.5590    0.8090
   -0.9511   -0.3090    0.0000
...    19 A-T ...
  -30.7187   -9.9811   42.3196
    0.3090   -0.9511   -0.0000
   -0.0000   -0.0000    1.0000
   -0.9511   -0.3090    0.0000
...    20 A-T ...
  -33.8952  -11.0132   42.3196
    0.2500   -0.7694    0.5878
   -0.1816    0.5590    0.8090
   -0.9511   -0.3090    0.0000
...    21 A-T ...
  -37.0718  -12.0453   42.3196
    0.0955   -0.2939    0.9511
   -0.2939    0.9045    0.3090
   -0.9511   -0.3090    0.0000
...    22 A-T ...
  -40.2483  -13.0775   42.3196
   -0.0955    0.2939    0.9511
   -0.2939    0.9045   -0.3090
   -0.9511   -0.3090    0.0000
